subway_station,subway_station,subway_station,police,police,police,primary_school,primary_school,primary_school,university,university,university,library,library,library,night_club,night_club,night_club,shopping_mall,shopping_mall,shopping_mall,supermarket,supermarket,supermarket,bus_station,bus_station,bus_station,park,park,park,church,church,church,hospital,hospital,hospital
500,1000,3000,500,1000,3000,500,1000,3000,500,1000,3000,500,1000,3000,500,1000,3000,500,1000,3000,500,1000,3000,500,1000,3000,500,1000,3000,500,1000,3000,500,1000,3000
0,0,8,2,2,15,1,7,26,2,16,45,2,8,30,1,1,5,0,0,4,9,11,37,2,3,49,7,30,60,9,20,60,4,5,31
0,1,10,0,3,18,3,7,36,2,10,60,1,2,47,0,3,15,0,0,12,1,6,55,0,5,60,7,22,60,1,9,60,0,3,60
1,2,4,1,10,13,3,7,12,0,16,27,6,20,34,1,4,5,0,5,12,6,11,28,5,19,30,10,42,60,22,50,60,18,27,35
0,0,10,1,1,20,0,2,34,0,1,49,1,2,43,0,0,13,0,4,12,2,8,60,0,3,60,5,15,60,0,4,60,0,3,60
0,2,6,0,0,7,1,1,11,0,0,27,0,1,20,0,0,2,0,0,2,0,1,22,0,10,27,1,13,60,0,6,46,0,1,22
1,2,9,1,4,18,1,7,31,7,8,60,1,3,42,1,1,9,0,0,5,2,5,47,5,7,58,1,22,60,3,17,60,16,18,60
1,5,8,4,18,26,4,10,14,4,11,31,4,20,26,4,60,60,4,43,58,2,21,34,2,24,48,10,36,60,4,48,60,17,49,60
0,1,3,3,5,10,1,6,9,0,5,16,2,5,9,1,4,7,3,4,9,2,5,11,2,11,22,10,23,43,6,15,30,3,8,13
0,0,1,1,4,8,1,10,11,0,2,2,1,3,6,4,4,6,1,1,3,5,15,24,0,4,14,10,29,57,7,19,21,7,9,12
0,1,2,3,11,12,3,13,15,1,3,9,1,10,16,1,10,12,2,6,6,7,25,35,7,17,22,6,50,60,6,26,41,2,26,44
0,5,7,1,12,28,1,4,8,11,29,49,8,34,45,0,3,30,1,14,39,4,14,21,4,33,59,5,37,58,7,44,60,15,49,60
0,1,1,1,7,10,3,8,13,1,2,2,2,5,6,4,7,10,1,3,6,5,17,26,0,10,17,9,40,55,6,18,23,6,18,23
0,1,1,1,6,8,4,11,12,1,2,2,1,5,7,4,6,9,1,3,6,6,19,29,0,10,16,7,35,60,9,20,27,7,10,19
0,1,1,1,6,8,4,11,12,1,2,2,1,5,7,4,6,9,1,3,6,6,19,29,0,10,16,7,35,60,9,20,27,7,10,19
0,1,1,1,6,8,4,11,12,1,2,2,1,5,7,4,6,9,1,3,6,6,19,29,0,10,16,7,35,60,9,20,27,7,10,19
1,4,6,1,2,15,3,7,12,9,21,24,3,11,18,26,51,60,5,11,21,8,18,34,3,18,39,12,44,60,17,40,58,19,48,60
0,0,6,0,1,13,0,1,17,0,0,13,0,1,12,0,0,7,1,3,11,1,5,47,0,4,47,4,17,60,0,2,50,0,1,52
1,2,7,1,3,12,3,4,20,1,10,48,1,3,18,0,0,8,1,3,33,5,14,55,0,10,53,8,34,60,6,14,60,4,9,58
1,2,6,1,3,11,1,3,14,0,1,29,0,0,10,1,3,6,0,0,9,2,3,40,2,7,35,11,31,60,4,8,52,1,4,60
1,6,6,2,5,13,1,6,13,3,13,27,3,13,21,42,60,60,7,23,34,5,22,29,1,21,44,9,43,60,7,42,60,20,57,60
0,0,13,1,1,25,1,1,31,2,13,35,1,4,21,0,0,17,1,2,38,1,3,60,0,2,60,7,21,60,3,5,60,1,23,60
0,0,7,1,5,15,2,3,27,0,2,25,0,1,25,0,3,23,0,6,35,0,6,60,0,2,50,7,25,60,2,7,60,0,8,60
1,3,6,0,3,11,3,5,9,11,19,24,3,9,16,8,39,54,1,9,16,7,18,32,3,17,34,10,47,60,16,36,53,19,42,57
0,0,11,0,0,17,0,2,20,0,2,42,0,2,26,0,1,37,0,0,38,1,4,55,0,0,60,5,16,60,0,5,60,0,1,60
0,1,7,0,1,21,2,8,21,1,1,30,3,6,26,2,5,36,0,2,55,1,11,46,0,4,48,13,38,60,6,18,60,0,17,47
1,4,7,2,6,18,2,4,24,0,0,31,0,3,29,0,2,6,0,5,19,1,4,51,9,22,50,9,35,60,3,11,51,2,5,60
1,2,3,0,3,8,2,10,14,0,3,5,3,11,13,7,11,13,0,3,6,7,16,22,2,10,18,11,43,60,14,33,42,8,28,33
1,3,5,1,4,7,2,7,11,5,19,28,5,12,19,11,35,45,14,33,50,8,20,31,6,33,51,11,33,60,12,49,60,19,60,60
0,2,7,0,7,12,2,5,21,7,21,34,4,8,20,0,3,12,1,2,12,8,13,58,3,12,43,8,27,60,6,14,60,2,12,60
0,0,3,1,1,8,0,1,18,0,2,45,0,3,21,0,1,6,0,0,9,3,7,46,0,0,17,6,19,60,2,8,57,1,2,60
0,0,4,0,0,16,1,5,23,1,5,60,1,6,30,1,1,9,1,5,15,1,13,49,0,0,44,0,10,60,3,13,60,1,31,60
1,2,6,3,5,17,1,3,19,9,10,43,0,6,22,2,5,14,7,8,24,1,7,46,9,14,46,5,28,60,4,23,60,1,30,60
0,1,5,0,4,14,1,3,21,0,0,41,1,2,25,0,0,13,0,3,23,3,5,54,3,10,36,15,33,60,8,23,60,3,7,60
0,4,5,1,1,5,2,12,18,15,28,50,6,19,30,0,3,4,4,12,17,4,19,27,5,27,34,16,52,60,10,59,60,4,27,50
1,3,21,1,6,40,1,11,45,3,9,60,4,14,60,1,3,60,1,11,60,4,15,60,6,29,60,14,40,60,2,45,60,4,37,60
0,2,10,1,8,23,3,10,39,3,8,60,0,5,43,1,3,13,1,1,15,5,16,60,0,12,58,13,35,60,14,33,60,3,14,60
0,4,8,1,11,25,1,3,10,10,24,45,5,34,48,0,2,9,1,9,35,3,16,26,3,27,59,8,30,60,8,40,60,9,45,60
0,0,0,2,3,8,4,6,12,0,1,2,2,6,9,0,1,6,0,0,1,4,12,24,2,3,5,11,33,41,5,18,33,1,7,13
1,3,3,3,9,24,1,8,13,1,11,17,4,17,23,2,18,30,5,16,28,7,26,32,13,30,40,8,56,60,7,19,37,10,38,46
0,3,5,3,15,22,2,5,11,8,14,27,5,15,26,11,27,31,11,28,29,10,20,24,11,32,49,7,39,60,8,18,33,24,41,50
0,0,6,0,1,13,0,1,17,0,0,14,0,1,12,0,0,7,0,3,13,1,7,46,0,4,47,4,16,60,0,4,49,0,1,52
0,2,6,0,2,8,2,4,16,2,2,43,3,3,16,0,1,7,0,8,23,3,10,42,2,10,50,15,30,60,3,7,59,0,3,31
0,2,7,0,2,10,1,4,18,1,14,34,1,2,10,0,2,7,0,3,30,4,15,48,0,13,42,8,28,60,6,19,55,2,17,60
1,1,2,2,3,4,1,4,10,0,0,2,1,2,6,2,5,11,1,15,21,3,11,30,5,11,17,10,39,59,4,13,31,3,7,27
1,3,7,0,8,12,0,6,9,3,5,13,3,12,17,4,20,31,13,35,40,3,16,30,8,21,31,8,37,60,8,25,52,7,14,35
1,3,6,0,4,14,2,3,19,0,1,28,1,4,25,1,2,5,1,7,16,0,8,44,2,18,46,7,35,60,9,13,44,3,4,42
0,1,5,0,1,15,1,5,23,0,1,31,0,4,30,0,3,21,0,1,26,0,5,39,0,5,40,14,25,60,0,13,60,0,14,45
0,0,0,0,1,6,1,3,4,0,0,1,0,1,2,0,0,1,0,5,12,0,7,16,1,1,5,7,25,43,1,10,14,0,5,7
0,0,2,1,1,4,1,3,7,1,3,22,0,11,17,0,0,3,0,0,8,1,4,11,3,4,18,4,15,52,1,1,15,0,0,3
1,2,4,0,2,4,1,3,7,8,24,38,0,2,12,0,1,1,0,1,3,3,6,18,2,3,9,3,8,45,2,10,22,4,4,19
0,0,4,1,1,12,1,5,19,1,3,46,2,6,23,1,1,8,0,2,11,3,12,50,0,0,26,9,21,60,8,10,60,1,10,60
0,0,5,0,4,10,2,6,21,3,7,56,2,10,27,0,4,9,0,4,13,5,21,52,1,3,29,7,29,60,4,16,60,24,60,60
0,0,4,0,1,11,0,2,20,1,4,47,0,5,24,0,1,8,0,2,11,4,11,50,0,0,25,9,21,60,3,8,60,1,34,60
0,0,0,1,2,6,0,3,6,0,0,3,1,3,6,0,1,5,2,5,9,0,3,15,2,4,6,6,22,40,3,10,19,0,4,7
1,2,7,0,0,10,1,2,19,1,21,32,1,3,17,0,3,12,0,2,4,2,12,47,4,10,31,17,32,60,1,12,58,0,2,60
1,4,6,0,5,9,0,9,12,3,9,20,0,15,25,18,30,45,13,29,41,6,20,38,8,26,47,6,30,57,18,47,60,27,60,60
1,4,5,0,3,8,3,6,13,3,7,17,0,11,22,19,33,39,14,25,34,6,25,39,12,30,47,3,30,53,19,55,60,60,60,60
1,3,7,0,4,9,3,6,11,2,7,11,3,10,15,1,17,30,4,25,42,3,19,32,7,21,33,10,40,60,10,29,54,7,19,32
1,3,5,2,7,9,3,8,11,2,7,18,6,15,23,3,16,37,3,14,37,6,21,35,2,12,36,9,36,60,19,46,60,13,57,60
1,2,7,1,1,7,0,3,9,2,7,15,5,11,19,2,20,41,9,35,45,2,17,32,7,21,31,6,30,59,4,31,60,2,25,60
0,4,4,1,2,7,2,5,10,21,30,40,2,9,16,5,22,59,1,9,35,4,19,38,9,37,55,19,51,60,12,41,60,4,46,60
2,4,6,1,3,6,2,6,8,2,11,42,4,11,15,18,57,60,6,14,33,8,23,39,8,25,38,10,49,60,12,42,60,13,50,60
1,3,4,0,2,11,3,11,15,10,22,30,3,18,30,0,3,6,2,11,14,8,18,28,5,19,34,15,51,60,21,59,60,9,29,44
1,2,16,1,2,28,1,2,39,1,28,60,1,8,60,3,6,60,1,4,60,5,16,60,4,12,60,9,32,60,8,26,60,1,6,60
1,4,6,1,4,7,1,9,14,2,12,29,3,11,19,4,29,36,2,22,33,4,23,44,9,34,50,8,36,60,13,41,60,39,60,60
1,3,16,0,5,25,0,7,42,5,28,60,1,10,60,3,9,60,1,6,60,11,27,60,6,17,60,9,35,60,17,44,60,3,19,60
2,3,18,1,2,30,4,10,42,3,34,60,6,16,60,1,6,60,3,6,60,6,22,60,8,22,60,11,42,60,11,42,60,8,35,60
1,3,8,1,3,13,1,8,14,2,13,30,3,9,19,12,35,43,19,29,37,8,19,37,12,30,56,9,29,52,10,60,60,46,60,60
1,3,6,0,5,6,3,7,16,7,21,39,5,18,34,0,0,4,9,13,15,9,18,32,8,23,41,13,44,60,13,51,60,9,21,51
1,3,4,0,4,12,1,10,17,10,24,26,3,23,34,0,4,6,1,12,14,7,20,27,6,24,38,8,51,60,22,57,60,17,33,40
0,0,3,0,1,8,0,0,18,0,1,45,0,3,22,0,1,6,0,0,7,2,6,46,0,0,17,3,19,60,0,6,59,0,1,60
1,2,6,3,3,7,2,7,16,1,2,30,1,4,14,2,4,9,0,0,3,3,13,31,0,6,29,15,39,60,8,21,37,5,22,60
0,0,4,0,1,11,2,6,22,0,8,54,2,11,27,0,3,8,0,4,12,4,21,52,0,1,32,7,32,60,4,19,60,26,60,60
1,2,6,3,7,11,3,5,22,8,24,35,5,11,26,3,4,11,1,2,13,4,15,58,6,9,44,5,23,60,6,21,60,13,60,60
1,2,5,0,1,15,2,6,22,1,2,52,0,3,31,1,2,16,2,4,23,5,10,59,10,19,41,7,35,60,8,33,60,1,56,60
0,1,6,0,1,7,0,3,17,1,1,32,1,1,15,0,2,10,0,0,3,0,4,33,1,1,28,10,29,60,4,14,39,8,14,60
0,1,7,0,1,20,1,7,20,1,1,30,1,5,26,2,4,33,0,1,54,1,11,45,0,4,47,14,36,60,5,17,60,0,16,44
2,3,4,1,4,5,1,9,15,0,3,6,2,10,14,6,11,18,3,7,16,7,19,27,7,16,23,15,45,60,9,39,52,8,32,36
1,1,4,0,4,9,1,6,10,4,8,10,1,7,15,6,8,14,0,9,16,8,22,32,3,9,22,8,32,60,11,37,60,7,32,44
0,2,3,1,5,12,0,7,9,2,3,5,2,11,11,2,8,14,0,0,14,6,11,21,0,5,14,9,39,56,9,24,31,3,14,31
0,2,4,4,10,11,2,4,11,2,5,8,1,6,13,0,15,25,0,20,32,2,13,25,0,10,20,11,37,60,6,17,39,2,13,21
1,3,4,2,4,5,3,8,10,0,3,7,4,9,12,2,15,21,6,7,17,6,19,28,9,19,24,13,45,60,5,38,53,5,31,40
0,1,6,0,4,11,1,3,14,0,9,34,0,2,11,1,3,6,0,1,10,1,9,35,2,9,36,7,24,60,2,13,50,1,12,60
0,0,6,0,1,13,0,0,16,0,0,13,0,1,10,0,0,6,1,2,11,1,5,47,0,4,44,4,15,60,0,2,49,0,1,52
1,1,9,0,2,18,0,2,26,0,10,34,0,5,19,1,2,10,0,5,35,2,12,60,4,9,55,4,21,60,3,19,60,1,33,60
0,2,4,0,3,5,1,5,7,2,16,21,3,8,11,2,29,47,0,11,16,6,27,32,4,17,27,12,40,60,7,30,42,3,32,52
1,2,7,1,3,16,2,2,18,9,9,34,0,1,12,2,5,6,1,1,22,5,9,50,7,13,41,6,24,60,9,17,56,11,13,60
0,2,3,1,2,4,0,6,8,0,5,28,4,9,10,0,12,47,2,9,14,15,27,35,10,19,31,7,35,60,5,25,44,4,29,49
0,4,8,3,16,22,2,4,9,1,9,39,1,18,28,51,60,60,3,34,59,3,12,29,5,38,55,6,41,60,9,52,60,9,45,60
0,2,5,0,4,5,3,4,7,2,18,21,3,8,11,5,33,53,0,10,15,8,26,33,4,17,30,11,42,60,8,31,42,8,34,51
1,1,9,0,2,18,0,2,26,0,10,34,0,5,19,1,2,10,0,5,35,2,12,60,4,9,55,4,21,60,3,19,60,1,33,60
1,1,9,0,2,18,0,2,26,0,10,34,0,5,19,1,2,10,0,5,35,2,12,60,4,9,55,4,21,60,3,19,60,1,33,60
1,3,6,0,8,8,0,8,11,23,32,34,3,14,22,5,16,29,2,24,29,4,19,33,7,30,57,20,50,60,9,45,60,9,43,60
1,2,6,2,4,18,1,4,19,1,1,32,0,0,10,2,4,6,0,1,13,2,9,53,3,11,44,8,28,60,6,14,59,3,14,60
1,3,7,1,3,12,3,4,21,7,8,39,1,1,14,0,0,8,2,5,32,8,15,60,6,14,42,8,28,60,10,20,60,6,11,60
1,4,8,1,2,16,3,6,12,4,20,26,3,12,20,34,55,60,6,15,31,9,20,31,2,22,45,11,45,60,12,42,60,27,50,60
1,3,7,8,14,17,3,10,12,2,4,16,6,13,21,3,9,20,4,19,39,4,14,26,3,12,28,6,27,45,8,24,43,6,25,45
0,2,6,3,12,19,0,7,14,0,2,11,6,12,22,2,8,23,7,23,41,6,14,24,1,11,41,6,24,42,4,16,29,4,19,36
0,0,0,2,7,7,5,9,14,0,1,3,2,5,11,0,3,6,0,0,3,4,18,24,2,5,14,10,26,60,7,24,33,1,11,14
1,2,5,6,12,16,4,9,14,1,5,22,4,12,18,3,10,16,1,11,24,0,10,28,5,14,30,5,21,47,7,29,47,4,17,38
1,5,8,1,25,33,3,4,12,4,21,32,5,21,31,5,50,60,26,56,60,7,17,24,8,38,54,8,36,58,10,45,60,7,55,60
1,2,4,4,12,15,4,8,14,1,3,14,2,12,19,3,10,18,0,11,20,0,15,30,3,16,24,2,19,49,2,25,41,2,15,30
0,0,7,1,2,14,3,6,24,3,13,45,3,7,30,0,1,4,0,0,4,4,11,36,3,3,46,6,32,60,8,27,60,2,6,31
1,2,9,2,4,19,2,8,32,6,12,60,2,3,37,1,2,9,0,0,9,3,7,51,4,7,58,4,21,60,5,17,60,16,18,60
1,3,5,7,12,24,2,6,12,2,13,30,7,27,44,0,7,23,0,5,27,1,18,33,5,39,52,27,43,60,3,27,56,2,25,60
2,3,5,0,1,10,0,5,22,0,4,39,0,3,26,0,0,3,0,0,0,0,6,26,5,11,30,4,21,60,2,20,54,0,2,28
1,1,9,4,6,23,3,8,39,7,16,60,4,6,41,0,2,12,0,0,13,6,12,60,10,16,60,3,28,60,12,34,60,10,12,60
1,2,10,4,5,21,2,9,39,0,6,60,0,6,47,0,2,14,0,1,17,5,16,60,7,13,60,5,27,60,14,30,60,5,13,60
0,2,4,1,4,12,2,8,13,1,14,29,4,12,25,0,5,9,1,3,8,5,17,28,2,12,25,14,40,60,14,46,60,6,25,46
1,1,2,1,3,8,3,5,10,3,11,46,3,5,7,0,2,4,2,2,2,5,9,18,2,4,21,9,37,53,3,20,33,1,2,7
1,2,10,4,5,23,2,9,41,2,11,60,0,5,44,0,2,13,0,1,16,5,13,60,9,13,60,8,26,60,19,29,60,10,13,60
0,0,9,1,1,15,3,7,30,0,3,47,3,8,32,0,1,8,0,0,5,0,10,49,3,5,53,15,26,60,6,21,60,2,6,60
0,0,10,0,1,19,3,6,36,1,4,50,4,6,43,0,1,10,0,0,7,3,8,60,2,5,59,17,31,60,7,15,60,0,5,60
0,1,10,1,5,23,2,12,37,3,7,60,0,4,47,2,3,13,0,1,12,3,15,60,0,5,60,18,35,60,8,29,60,1,7,60
0,0,0,0,3,7,0,7,11,0,1,2,0,3,4,2,4,5,0,1,2,2,11,23,0,3,9,9,35,52,3,10,23,4,8,12
2,5,6,4,15,22,1,12,14,6,22,27,4,19,25,4,56,60,2,31,56,1,19,34,5,19,34,8,37,59,12,47,60,12,53,60
1,1,3,0,6,6,1,3,8,1,13,15,2,3,7,0,6,15,1,6,9,1,7,14,5,11,18,8,36,56,4,18,37,0,10,23
0,1,1,2,8,10,3,6,10,1,2,3,2,4,6,1,9,11,1,6,6,6,13,22,2,10,15,16,39,54,2,11,23,1,18,25
1,3,6,2,13,16,2,5,10,7,16,28,5,16,25,15,27,31,15,28,34,10,17,21,13,32,51,8,35,60,8,19,31,25,48,60
1,4,5,6,11,16,6,9,15,1,21,22,4,11,19,5,14,45,0,11,27,3,11,25,10,17,25,7,29,53,9,38,48,6,31,52
0,0,12,1,1,25,1,1,30,3,13,34,3,4,22,0,0,16,1,2,38,2,3,60,0,1,60,6,20,60,3,4,60,15,23,60
0,2,5,1,5,16,1,6,9,7,17,32,1,9,22,1,44,60,8,16,31,3,20,29,7,27,50,9,52,60,11,48,60,7,30,49
2,4,7,0,5,16,3,6,14,9,22,25,3,13,18,25,51,60,5,13,28,8,18,27,3,15,42,11,45,60,17,42,60,21,46,60
1,5,8,5,20,22,0,3,7,1,12,43,3,17,28,50,60,60,15,42,60,3,12,25,5,36,55,10,38,60,13,44,60,10,50,60
1,3,5,1,3,6,2,5,11,4,30,46,1,7,15,11,27,60,3,7,39,3,19,32,14,33,53,14,50,60,11,45,60,7,36,60
0,5,7,3,11,22,1,8,11,0,10,28,1,15,23,34,60,60,5,29,47,4,16,33,4,24,53,8,44,60,8,39,60,16,57,60
0,2,3,0,2,4,1,1,4,0,2,21,0,4,6,0,3,3,2,8,9,3,16,23,2,18,29,2,15,42,3,12,24,0,9,21
0,1,11,1,1,24,1,1,30,2,13,35,3,4,19,0,2,11,1,2,36,1,6,60,0,5,60,4,17,60,2,11,60,16,23,60
1,2,6,0,1,12,1,4,19,0,2,44,1,3,20,1,1,5,7,10,26,6,12,50,7,12,48,10,34,60,3,8,60,0,3,25
0,2,5,3,11,18,1,3,6,6,13,26,3,11,19,18,26,30,18,26,39,7,14,20,2,28,43,9,23,52,3,14,28,21,43,60
1,3,5,1,3,10,1,6,10,3,20,49,1,8,20,7,38,60,2,20,31,2,18,32,11,34,51,11,53,60,17,39,60,10,31,58
1,3,5,1,3,10,1,6,10,3,20,49,1,8,20,7,38,60,2,20,31,2,18,32,11,34,51,11,53,60,17,39,60,10,31,58
1,3,5,1,3,10,1,6,10,3,20,49,1,8,20,7,38,60,2,20,31,2,18,32,11,34,51,11,53,60,17,39,60,10,31,58
1,3,4,1,7,9,0,7,12,5,32,34,3,15,21,4,16,23,11,23,25,2,21,30,9,28,44,15,56,60,10,42,60,22,43,60
1,2,5,3,8,11,4,9,10,2,11,19,7,15,24,0,8,29,3,16,27,5,22,34,6,18,35,15,44,60,15,50,60,26,51,60
0,1,2,0,10,10,2,3,6,3,18,22,2,5,9,2,6,15,0,11,21,3,8,14,0,4,13,10,26,50,5,12,18,1,24,26
0,1,9,4,4,17,1,3,26,0,0,18,2,2,29,0,1,16,0,4,30,2,6,52,1,8,52,7,19,60,3,9,60,1,1,60
0,3,6,0,3,4,2,5,13,0,4,33,2,2,11,0,5,7,0,0,2,1,15,24,0,9,23,10,27,60,0,14,31,3,13,27
0,2,6,0,4,10,2,9,22,4,6,42,3,8,27,0,4,9,0,3,13,5,19,52,1,8,38,10,24,60,6,25,60,22,60,60
1,3,6,4,7,16,2,7,24,0,2,35,0,5,27,1,5,12,0,6,19,6,14,60,2,10,46,4,20,60,7,21,60,2,28,60
0,0,6,1,1,17,1,1,17,0,0,16,1,1,28,0,2,19,0,1,29,1,4,54,0,4,47,6,14,60,3,4,60,1,2,59
1,2,4,0,2,4,3,10,17,12,24,45,1,15,26,2,3,6,3,7,15,3,16,29,6,15,28,17,51,60,16,60,60,8,32,43
1,4,17,1,4,24,2,9,40,10,37,60,3,15,60,2,7,60,3,5,60,10,28,60,4,27,60,10,37,60,18,44,60,8,22,60
1,2,12,0,1,25,0,1,37,0,13,60,1,2,49,0,4,41,1,2,47,3,9,60,3,9,60,12,29,60,5,13,60,1,6,60
0,2,3,2,12,15,2,8,14,1,4,10,6,17,29,2,4,4,0,0,4,5,16,25,3,14,35,16,45,60,13,29,58,4,20,32
1,4,7,8,16,26,4,10,13,3,14,24,6,19,25,3,48,60,3,39,56,5,18,29,5,18,38,10,33,53,10,43,60,8,39,60
0,0,12,0,1,22,0,2,26,2,13,34,1,4,19,0,0,13,1,1,37,2,3,60,0,1,60,10,20,60,3,4,60,15,22,60
1,3,4,1,1,7,0,5,9,1,9,13,4,13,19,2,16,41,4,24,44,1,15,34,7,16,31,7,32,58,4,34,60,2,32,60
0,2,12,1,6,19,2,4,27,12,17,60,3,5,43,2,4,60,1,2,51,5,8,60,1,6,60,5,29,60,7,13,60,21,23,60
1,3,20,1,3,35,4,8,42,4,23,60,4,14,60,1,7,60,2,6,60,5,22,60,8,25,60,11,41,60,7,45,60,8,46,60
1,2,5,3,3,4,6,7,12,0,3,26,1,4,10,2,5,7,0,0,2,6,13,27,0,7,23,13,35,60,8,18,31,8,23,27
0,4,7,0,3,11,1,4,17,1,5,32,1,2,17,2,3,11,0,1,3,3,10,41,1,13,31,9,40,60,5,12,51,1,7,60
0,0,2,1,1,8,0,1,17,0,2,46,2,4,22,0,1,6,0,2,10,3,9,44,0,0,15,7,19,60,4,8,58,1,2,60
0,1,8,2,6,16,2,4,26,0,0,31,0,4,31,0,1,11,5,7,22,5,5,43,2,10,49,10,21,60,3,9,58,0,2,60
0,1,6,2,2,15,2,3,23,0,0,22,2,2,28,1,1,5,6,7,15,3,6,40,1,13,43,7,26,60,5,9,49,0,3,60
1,2,4,2,3,5,1,6,11,0,3,5,2,6,12,2,10,17,5,8,16,3,17,31,9,19,20,9,47,60,5,31,47,3,15,38
1,1,3,0,4,7,1,7,10,3,8,11,2,8,14,6,9,11,1,9,21,6,21,36,2,8,27,9,31,60,11,34,59,5,32,47
0,4,8,3,16,22,2,4,9,1,9,39,1,18,28,51,60,60,3,34,59,3,12,29,5,38,55,6,41,60,9,52,60,9,45,60
0,1,2,1,7,19,5,14,16,1,3,8,2,10,18,1,8,13,0,6,6,7,23,37,5,18,24,0,57,60,9,30,44,1,25,33
1,3,5,0,2,10,2,5,21,1,14,39,0,5,25,0,0,3,0,0,0,0,7,27,2,10,32,7,20,60,3,22,52,0,3,28
0,4,6,1,1,5,4,13,18,10,36,60,7,18,31,0,3,4,4,12,18,5,20,30,5,26,33,19,55,60,15,60,60,5,25,46
1,1,18,0,1,23,2,8,44,33,60,60,7,20,60,0,3,58,2,4,60,3,15,60,7,14,60,7,35,60,13,34,60,0,17,60
0,0,6,1,1,18,1,2,17,0,0,18,1,1,35,2,2,21,0,4,33,3,6,59,1,1,53,4,12,60,4,5,60,2,4,60
1,3,7,0,2,11,1,3,17,1,3,31,1,2,17,2,3,11,0,2,3,4,9,40,5,15,31,12,33,60,3,11,49,1,7,60
0,2,4,1,5,12,1,7,9,2,3,4,2,10,11,4,9,19,0,0,25,6,12,22,0,6,17,10,40,60,11,24,33,4,14,20
0,3,5,2,9,9,2,5,9,14,24,28,3,10,14,1,18,25,2,17,31,4,22,41,4,22,35,10,35,59,14,35,46,22,28,60
2,3,4,2,4,5,3,8,13,0,1,4,1,7,11,4,12,16,3,8,9,5,18,24,9,15,19,17,42,60,11,29,47,16,27,33
0,1,2,4,4,8,2,7,11,0,7,9,2,6,13,1,9,9,1,4,16,12,25,28,4,7,11,4,37,60,11,37,50,5,31,38
0,2,5,1,7,12,3,4,6,13,22,26,3,7,15,3,18,22,1,19,31,4,16,32,2,18,28,8,35,56,7,25,41,22,27,34
0,0,7,0,0,10,0,1,14,0,8,34,1,2,10,0,1,7,0,0,17,1,4,37,0,0,42,4,14,60,1,5,49,0,0,60
3,5,7,1,13,19,2,9,16,5,21,27,2,12,28,29,56,60,5,23,38,4,20,33,3,18,35,13,38,60,14,40,60,27,52,60
1,3,6,1,5,17,1,5,7,0,18,30,0,11,25,5,60,60,9,15,36,4,16,28,9,28,48,8,47,60,13,48,60,11,28,52
1,4,6,0,5,15,3,6,11,13,20,24,3,11,16,9,42,54,3,10,20,7,18,30,4,17,33,7,47,60,15,36,54,18,43,55
1,5,6,0,3,10,3,5,9,6,20,24,3,8,16,10,42,55,3,10,20,9,20,32,4,17,36,13,44,60,16,35,54,19,47,56
0,2,4,0,4,5,3,5,7,2,19,21,3,7,11,5,28,45,0,10,14,8,25,33,0,14,27,14,40,60,10,29,43,8,32,50
0,2,5,1,5,16,1,6,9,7,17,32,1,9,22,1,44,60,8,16,31,3,20,29,7,27,50,9,52,60,11,48,60,7,30,49
1,2,6,1,2,12,1,4,20,5,16,33,1,2,13,0,1,8,2,4,32,6,13,60,5,12,42,9,27,60,10,20,60,6,12,60
0,1,1,1,2,4,1,3,4,0,0,3,0,2,3,0,3,8,5,18,20,5,12,20,0,9,14,7,29,58,2,9,20,0,5,14
1,1,1,4,9,10,3,8,14,0,3,11,2,6,13,3,10,15,4,6,7,6,23,32,9,15,21,18,38,60,3,20,31,9,24,43
1,2,5,6,12,16,4,9,14,1,5,22,4,12,18,3,10,16,1,11,24,0,10,28,5,14,30,5,21,47,7,29,47,4,17,38
1,3,6,7,11,21,2,3,5,1,25,31,5,14,22,18,27,33,20,36,58,3,13,21,13,31,54,7,26,42,3,25,39,6,51,60
0,1,1,2,7,9,2,6,8,0,1,8,1,5,7,2,7,11,0,6,6,4,15,23,0,10,14,14,36,47,2,9,23,7,16,38
1,1,9,0,1,13,1,1,30,0,2,60,0,1,40,0,0,15,0,0,11,0,1,55,0,7,57,2,21,60,3,4,60,0,3,60
1,2,10,1,4,17,2,7,31,6,11,60,2,3,41,1,1,10,0,0,5,2,6,47,7,7,60,3,23,60,4,16,60,15,18,47
1,1,12,2,4,22,3,6,46,6,56,60,3,7,55,1,3,21,1,3,19,4,8,60,2,8,60,9,39,60,7,12,60,1,2,60
0,0,9,1,2,15,2,8,28,0,5,47,1,6,30,0,1,6,0,0,5,1,7,42,3,6,51,12,27,60,7,20,60,3,6,41
0,0,3,0,1,5,0,1,9,0,2,20,1,9,16,0,0,1,0,0,2,0,2,16,1,2,24,9,19,60,0,1,32,0,1,9
1,3,3,0,2,5,3,9,14,4,27,57,4,15,24,2,3,8,2,8,10,3,13,27,5,13,25,13,48,60,26,56,60,5,20,41
1,1,2,1,2,8,2,5,9,0,11,21,2,4,6,0,3,4,1,2,2,5,11,22,3,5,18,8,30,51,2,24,42,1,2,14
0,2,5,2,11,16,1,3,6,5,11,24,3,10,17,14,26,29,16,24,28,7,15,19,1,27,38,7,24,41,4,13,26,19,40,59
0,3,4,3,12,14,2,9,12,1,6,19,1,9,15,2,7,13,2,7,14,3,7,24,3,18,28,5,24,45,4,24,40,5,10,25
0,6,7,8,13,24,3,9,11,2,6,21,8,17,23,5,10,51,12,40,57,10,15,19,2,19,43,8,27,52,10,25,55,7,36,57
0,0,0,2,4,7,4,7,11,0,1,2,1,3,8,0,2,5,0,0,1,5,13,23,2,3,6,8,29,41,5,15,30,2,7,13
1,1,1,4,9,10,3,8,14,0,3,11,2,6,13,3,10,15,4,6,7,6,23,32,9,15,21,18,38,60,3,20,31,9,24,43
0,0,0,2,4,7,4,8,10,0,1,2,2,4,10,0,4,6,0,1,1,6,16,23,2,3,9,5,32,46,8,21,31,3,8,13
0,2,3,3,13,16,2,4,10,5,10,17,3,11,17,7,27,28,1,25,28,5,19,22,1,30,35,9,26,60,8,13,23,22,40,48
0,1,1,1,6,8,4,11,12,1,2,2,1,5,7,4,6,9,1,3,6,6,19,29,0,10,16,7,35,60,9,20,27,7,10,19
0,2,7,0,1,14,2,5,22,0,0,58,0,2,26,0,1,9,2,11,47,1,9,60,2,11,60,14,36,60,1,7,60,2,5,60
1,2,7,3,4,18,1,2,20,1,18,34,0,3,13,2,6,6,1,1,22,6,8,53,6,13,44,5,21,60,10,16,59,10,31,60
1,2,10,0,1,14,1,2,26,11,11,60,2,4,29,0,0,17,0,3,33,6,9,60,3,8,60,8,19,60,7,10,60,0,3,60
1,3,6,1,11,18,2,5,6,1,16,35,0,10,28,28,60,60,1,29,42,3,14,26,9,29,52,10,44,60,6,42,60,13,36,60
1,4,6,0,5,15,3,6,10,13,20,24,3,11,16,8,41,54,2,10,20,7,18,30,4,17,33,7,46,60,15,36,54,18,43,55
1,2,6,3,3,13,1,3,15,0,1,31,0,0,10,2,3,6,0,0,10,2,6,42,4,8,41,11,32,60,4,12,57,2,13,60
1,2,4,1,2,5,1,2,4,0,20,25,0,3,14,1,5,9,2,13,17,5,20,27,7,20,35,6,28,56,6,21,28,7,17,39
1,5,7,2,11,20,0,10,13,2,12,28,2,15,24,39,60,60,9,28,41,5,18,33,2,19,50,12,42,60,12,42,60,16,55,60
2,4,9,3,16,28,0,7,16,3,11,30,3,14,30,32,60,60,11,38,59,4,21,35,3,19,53,12,40,60,8,46,60,17,55,60
0,3,5,3,12,15,4,9,14,3,17,22,2,9,17,2,9,28,2,9,15,4,7,18,6,19,20,9,27,52,7,36,43,6,18,43
0,5,6,0,6,13,2,6,8,1,9,35,3,11,20,21,60,60,3,25,41,4,17,32,8,31,44,8,43,60,10,39,60,7,53,60
0,4,14,1,4,23,1,3,36,9,23,60,1,7,60,3,11,60,1,7,60,8,32,60,4,21,60,7,34,60,13,41,60,2,35,60
1,2,6,0,5,17,3,5,22,0,1,25,1,4,27,1,2,23,1,2,37,2,6,52,5,9,44,8,32,60,4,14,60,0,17,60
1,4,5,2,5,9,2,9,13,0,12,17,5,14,22,2,18,35,2,17,42,4,17,39,2,18,37,11,31,60,18,50,60,10,60,60
0,4,4,3,6,8,4,7,10,4,15,47,4,15,22,7,33,46,5,39,44,6,24,34,6,27,48,6,45,60,13,49,60,10,60,60
1,4,8,2,4,20,3,7,12,4,21,26,3,12,21,35,56,60,6,16,32,8,21,30,2,19,46,12,42,60,11,43,60,28,50,60
0,0,10,0,1,18,0,2,19,2,6,45,2,3,31,0,2,38,0,0,39,3,4,60,0,1,60,5,15,60,1,6,60,0,10,60
1,2,6,1,1,15,1,6,24,2,2,52,0,2,29,2,3,17,4,4,22,3,12,60,10,17,45,13,23,60,6,30,60,1,30,60
2,2,6,1,8,10,2,8,22,0,12,34,2,10,26,4,4,11,1,1,13,5,16,54,6,9,44,4,24,60,12,24,60,22,60,60
0,1,4,0,2,4,1,5,12,1,3,7,2,4,7,2,4,7,0,0,0,4,8,19,0,2,19,3,22,60,3,11,25,0,7,23
1,1,8,0,2,23,2,2,22,0,10,45,0,2,31,4,7,44,1,9,34,3,7,59,2,7,58,11,23,60,5,11,60,1,6,60
2,2,6,1,8,13,2,8,22,0,10,34,0,8,27,3,5,11,1,3,14,8,14,57,4,9,43,5,24,60,12,22,60,5,52,60
1,4,6,0,3,11,0,4,15,1,3,31,1,2,17,3,4,10,0,0,3,6,10,38,6,13,29,9,42,60,6,13,41,2,11,60
0,2,6,4,6,9,3,5,21,0,4,34,1,3,24,0,4,12,0,2,15,5,16,60,0,9,45,5,13,60,5,20,60,3,9,60
0,0,2,0,1,6,0,0,18,0,2,45,0,3,22,0,1,6,0,0,7,2,6,37,0,0,16,3,19,60,0,6,50,0,1,60
0,0,3,0,1,11,4,7,21,2,5,55,3,9,26,0,2,8,2,5,12,5,21,51,0,0,31,7,27,60,4,20,60,4,29,60
0,0,7,1,1,12,2,4,21,0,8,45,1,3,25,0,0,14,0,0,21,1,4,50,0,7,39,10,33,60,5,18,60,0,31,60
1,2,17,0,5,25,0,7,42,12,33,60,3,12,60,2,9,60,2,6,60,12,25,60,4,16,60,9,36,60,15,42,60,6,16,60
1,3,20,0,6,36,2,12,44,5,24,60,3,18,60,0,3,60,1,13,60,2,14,60,4,27,60,16,44,60,3,41,60,4,24,60
1,2,5,3,4,6,1,8,14,5,25,41,2,12,19,5,9,25,3,8,19,9,34,43,7,26,42,11,35,55,10,44,60,6,48,60
1,4,7,2,4,6,2,9,12,3,13,25,3,9,18,4,32,41,2,18,35,8,26,45,12,35,54,7,28,55,10,49,60,35,60,60
1,3,7,1,4,7,3,9,13,2,17,33,2,12,21,5,13,35,1,11,30,5,25,46,8,30,55,11,34,60,12,47,60,11,60,60
1,3,7,0,6,17,1,8,14,7,29,38,3,29,43,0,0,2,3,13,15,6,22,29,5,25,39,6,32,60,14,47,60,4,37,60
1,2,13,0,1,24,0,1,35,0,7,60,0,2,47,0,3,38,0,1,39,3,8,60,3,8,60,11,25,60,2,9,60,2,4,60
0,0,10,1,1,20,0,2,34,0,1,49,1,3,44,0,0,13,0,4,11,2,8,60,0,4,60,5,16,60,0,4,60,0,3,60
0,1,5,0,1,14,2,4,21,0,9,46,1,3,28,0,1,15,0,0,22,1,6,50,0,11,38,11,33,60,5,27,60,1,35,60
0,1,6,2,2,15,1,2,22,0,2,30,1,4,23,0,8,23,1,12,27,2,10,51,0,8,51,4,26,60,2,12,60,1,9,60
1,3,6,2,4,9,2,6,10,4,22,28,5,13,18,10,32,45,9,32,52,7,19,30,5,34,49,12,33,60,16,45,60,10,60,60
0,1,3,0,2,3,1,3,5,0,19,24,0,4,9,0,2,8,5,6,10,12,20,27,4,18,32,4,19,52,3,18,31,3,15,24
0,2,12,1,6,19,2,4,27,10,18,60,3,7,43,2,5,60,1,15,58,5,8,60,1,6,60,8,29,60,7,14,60,21,24,60
1,3,6,2,5,10,2,7,14,1,12,20,7,17,22,1,25,40,2,30,43,6,20,35,4,22,35,11,36,60,19,50,60,10,60,60
1,2,6,0,5,17,3,5,22,1,1,24,1,5,27,1,2,24,1,2,41,2,7,52,5,9,41,10,34,60,2,17,60,11,17,60
0,0,4,0,1,11,0,2,20,1,2,46,0,4,24,0,1,8,0,0,11,4,10,50,0,0,20,9,19,60,3,8,60,1,22,60
0,2,12,1,1,24,2,3,41,0,57,60,2,13,59,2,3,39,0,2,40,2,11,60,1,8,60,8,24,60,1,15,60,0,8,60
0,0,7,0,1,15,0,3,18,0,1,14,0,2,13,0,0,8,1,2,19,0,12,51,2,4,48,8,21,60,0,6,56,0,16,60
0,1,6,0,1,10,0,1,14,0,8,34,1,2,12,1,2,7,0,1,18,1,8,40,0,7,41,5,18,60,4,10,51,0,12,60
1,2,8,0,1,15,2,2,24,8,11,60,3,3,26,0,1,14,1,8,39,8,11,60,3,11,60,9,27,60,8,11,60,1,5,52
0,2,7,0,2,10,1,5,16,1,13,34,1,2,10,0,2,7,0,3,29,4,13,46,0,13,47,4,28,60,2,21,52,1,16,60
1,2,7,0,2,15,1,1,24,0,14,34,0,2,14,1,2,7,0,3,31,2,13,53,4,14,43,9,18,60,5,22,60,3,19,60
1,3,7,0,7,12,1,7,10,2,26,46,3,23,42,0,1,2,5,13,24,6,18,25,5,21,41,7,42,60,9,43,60,9,19,59
1,2,5,1,3,7,1,7,16,1,2,30,1,3,14,2,4,8,0,0,3,4,9,31,0,6,27,17,32,60,6,19,36,12,20,58
0,1,11,3,5,19,3,8,36,2,11,60,1,2,47,0,3,15,0,1,14,3,11,60,0,6,60,12,28,60,2,21,60,1,4,60
1,3,6,3,8,10,2,4,11,11,15,28,3,15,23,1,8,29,1,22,41,3,16,32,9,24,51,8,38,60,10,37,60,4,33,60
2,2,17,1,3,31,3,8,42,7,28,60,3,16,60,1,8,60,3,7,60,7,21,60,7,21,60,10,42,60,13,46,60,9,35,60
1,4,6,1,6,6,3,7,16,1,11,27,2,17,25,0,10,19,1,16,39,2,14,40,6,29,51,6,44,60,4,37,60,3,54,60
0,0,5,0,1,8,0,2,16,1,1,40,0,1,18,0,0,11,0,0,3,0,2,38,1,1,26,6,23,60,3,6,45,8,12,60
0,0,4,1,1,12,1,5,20,2,3,46,2,7,23,1,1,8,0,2,11,6,13,51,0,0,27,12,23,60,8,10,60,2,15,60
1,2,7,0,0,11,1,3,19,0,9,32,1,5,14,0,0,11,0,2,11,5,9,47,6,7,41,11,27,60,5,9,57,1,4,60
1,3,7,0,2,11,1,4,17,1,5,32,1,2,17,2,3,11,0,2,3,4,10,41,3,15,31,8,39,60,4,12,51,1,7,60
1,2,2,3,7,10,4,8,12,1,7,10,1,13,19,2,9,14,1,5,20,8,27,31,4,7,16,6,47,60,13,46,60,18,34,56
1,1,3,0,4,9,1,6,10,3,8,11,2,8,14,6,9,13,1,9,19,5,22,34,4,9,23,9,31,60,12,36,60,6,31,46
0,0,0,0,4,5,3,4,5,0,1,1,0,2,2,0,1,1,0,5,11,1,9,23,1,2,7,5,29,43,2,12,16,1,6,14
0,1,8,4,4,17,1,3,25,0,0,18,1,2,29,0,0,15,0,2,30,1,5,52,2,8,53,9,22,60,2,9,60,1,1,60
0,1,6,2,2,15,2,3,23,0,0,20,2,2,28,0,1,6,4,7,15,3,5,39,1,14,43,8,26,60,5,8,51,0,3,60
1,3,15,1,4,26,0,5,36,3,33,60,1,9,60,3,9,60,3,7,60,9,29,60,6,19,60,8,31,60,15,43,60,3,35,60
0,0,3,1,1,4,1,3,7,0,3,22,0,9,17,0,0,3,0,0,9,1,3,11,3,3,20,3,13,51,1,1,14,0,0,3
0,1,2,4,5,7,3,7,10,1,2,5,2,3,12,1,2,8,1,2,6,5,16,24,0,11,16,9,34,58,12,19,40,4,20,45
1,1,2,0,4,6,1,3,7,1,13,15,1,2,7,0,7,13,0,6,9,1,6,13,4,11,15,8,35,59,2,16,35,0,8,22
0,0,13,1,1,23,1,1,29,1,13,34,3,4,20,0,0,16,1,2,38,2,3,60,0,2,60,7,21,60,3,4,60,15,22,60
0,0,13,1,1,23,1,1,29,1,13,34,2,4,20,0,0,16,1,2,38,2,3,60,0,2,60,5,21,60,3,5,60,14,22,60
0,0,13,1,1,23,1,1,29,1,13,34,2,4,20,0,0,16,1,2,38,2,3,60,0,2,60,5,21,60,3,5,60,14,22,60
0,0,12,1,1,23,1,1,29,1,13,34,2,4,20,0,0,16,1,2,38,2,3,60,0,2,60,5,21,60,3,5,60,14,22,60
1,2,9,0,1,15,2,2,25,11,11,60,3,3,26,0,1,15,0,7,32,7,11,60,3,10,60,11,25,60,10,10,60,1,4,60
0,0,9,0,2,18,2,3,28,1,2,35,0,1,20,0,0,24,0,7,36,0,8,60,1,3,60,2,23,60,1,5,60,3,5,60
1,3,6,2,4,8,3,5,10,6,23,46,3,11,19,7,26,46,5,27,50,6,23,27,9,35,54,9,46,60,12,50,60,8,44,60
1,3,4,1,9,19,2,4,8,8,22,32,0,14,26,1,55,60,9,14,34,3,13,25,5,30,46,15,42,60,8,46,60,6,29,51
0,2,7,0,2,10,0,2,18,8,10,34,1,2,12,0,4,7,0,2,28,2,13,47,1,12,39,6,28,60,2,24,56,0,17,60
1,2,11,1,1,18,2,2,26,9,11,60,3,4,29,0,1,20,1,4,41,8,10,60,4,10,60,8,25,60,10,10,60,1,4,60
0,0,0,0,2,4,0,5,7,0,0,1,0,1,4,0,3,3,0,0,1,5,7,14,0,2,4,6,25,43,1,10,19,0,6,8
0,1,2,1,11,13,3,12,15,1,3,7,1,10,16,1,8,12,1,6,6,6,27,36,6,17,23,4,58,60,6,28,42,1,24,34
1,3,6,10,11,17,7,10,11,2,12,21,6,13,19,4,10,41,2,14,35,2,14,28,8,12,32,5,27,46,10,33,50,5,18,58
1,3,7,1,7,19,1,6,12,3,21,48,4,34,42,0,0,2,3,14,25,9,20,30,6,25,47,6,35,60,7,46,60,5,37,60
0,0,9,0,1,16,3,6,32,1,4,48,3,5,34,1,1,10,0,0,7,0,9,60,2,5,52,14,27,60,3,17,60,1,5,60
0,2,10,1,8,23,2,10,38,3,5,60,0,3,44,1,3,13,0,1,14,3,16,60,0,12,60,12,35,60,13,35,60,2,14,60
0,0,9,0,2,18,2,6,35,0,3,50,0,6,39,0,1,9,0,0,6,4,13,60,0,4,57,5,31,60,6,15,60,3,5,60
0,1,11,0,3,18,0,7,37,2,6,60,0,1,46,0,2,16,0,0,12,1,6,57,0,3,60,7,22,60,0,8,60,0,2,60
0,1,10,2,3,20,3,8,33,2,15,60,1,4,35,1,2,11,0,0,9,3,8,54,0,8,60,6,31,60,5,26,60,2,19,60
0,2,8,0,2,17,1,6,26,0,8,47,0,5,31,0,0,6,0,0,5,1,4,45,0,8,51,3,27,60,4,16,60,1,18,43
1,2,4,1,10,13,3,8,14,2,15,26,7,22,36,1,3,5,0,4,12,7,11,27,5,20,34,8,42,60,27,49,60,18,28,35
1,2,9,0,3,18,1,3,31,0,8,60,1,3,43,0,1,15,0,0,9,0,3,51,3,10,60,5,20,60,4,7,60,0,17,60
1,1,9,0,4,19,0,10,30,6,12,60,1,4,37,0,2,9,0,0,7,0,7,50,4,7,56,3,17,60,4,16,60,1,18,60
0,1,10,2,4,19,3,8,33,7,16,60,2,3,35,1,2,11,0,0,10,3,9,54,0,7,59,5,29,60,5,24,60,1,18,60
0,0,2,0,10,19,2,11,16,0,2,7,3,11,18,1,4,5,0,0,6,7,16,29,1,13,27,9,47,60,10,30,44,3,7,23
0,5,7,3,18,30,3,7,11,1,11,26,5,17,27,4,11,58,14,47,60,12,14,17,4,30,48,6,29,50,8,28,57,9,31,60
0,0,9,0,1,17,2,7,35,3,18,59,3,8,34,1,1,10,0,0,8,1,3,60,2,6,50,2,27,60,3,17,60,0,2,60
0,0,0,2,3,5,3,6,9,0,1,1,1,4,7,0,3,5,0,0,1,5,10,22,2,2,5,6,30,45,4,14,27,2,8,11
1,3,6,2,6,12,2,7,10,2,20,47,4,21,42,0,1,2,6,14,25,7,16,30,6,22,41,7,41,60,11,43,60,10,19,56
0,5,7,5,20,23,0,3,7,1,13,43,3,17,32,44,60,60,11,40,60,3,12,26,5,38,58,10,40,60,9,46,60,10,43,60
1,2,7,0,2,15,1,1,25,0,14,34,0,4,15,1,2,9,0,4,32,2,12,56,4,13,45,8,20,60,5,23,60,2,18,60
0,2,6,1,1,10,0,3,19,8,10,34,1,1,12,1,4,7,1,1,28,3,13,48,4,11,38,6,25,60,3,22,56,9,14,60
1,2,7,1,2,10,1,6,17,2,4,38,2,3,19,0,0,7,0,8,28,3,12,50,3,7,52,10,36,60,3,10,60,2,5,40
0,4,4,0,2,7,1,4,7,20,28,32,1,10,15,1,16,32,1,12,25,4,28,39,6,39,49,13,48,60,9,33,59,7,31,60
0,1,2,1,2,4,1,4,9,0,0,2,0,2,6,2,4,9,1,15,21,2,11,24,0,10,15,12,34,59,3,11,27,3,6,27
1,2,6,2,5,16,3,6,7,2,16,45,0,5,24,11,60,60,1,20,41,4,19,31,13,30,48,14,48,60,12,44,60,13,33,60
1,3,5,1,3,7,2,7,9,2,26,37,4,11,17,8,59,60,2,14,31,6,23,41,10,31,42,11,43,60,10,38,60,11,51,60
0,0,12,1,1,23,1,1,30,2,13,33,3,4,19,0,1,12,1,2,38,1,3,60,0,1,60,7,19,60,3,7,60,18,23,60
1,5,7,2,11,26,0,8,13,3,13,27,2,15,29,39,60,60,11,29,43,5,20,36,2,19,51,12,41,60,12,47,60,17,52,60
0,1,7,1,3,13,1,5,17,0,0,16,0,2,14,0,0,8,1,2,18,5,15,49,2,7,48,13,24,60,3,7,52,1,3,53
0,5,8,7,20,23,0,3,8,2,16,45,4,17,31,45,60,60,12,42,60,4,13,27,6,37,59,12,34,60,7,50,60,10,47,60
1,2,5,0,3,4,1,3,8,1,25,30,2,8,14,0,12,45,2,9,23,6,29,37,10,27,45,8,44,60,8,33,48,8,25,51
0,1,6,0,1,10,1,2,16,0,9,34,0,2,12,1,3,6,0,1,14,2,7,41,0,7,35,7,26,60,3,10,52,0,13,60
1,3,6,1,6,16,2,6,7,2,16,44,0,5,24,11,60,60,1,19,41,3,14,30,13,29,50,13,48,60,18,41,60,14,30,60
1,5,7,1,16,25,0,10,16,5,17,28,2,18,29,24,60,60,7,35,58,2,21,37,1,18,46,14,39,60,7,44,60,17,52,60
0,4,5,1,3,6,3,8,11,1,3,8,4,9,13,1,14,21,2,12,24,8,18,32,4,22,26,16,43,60,8,41,54,4,23,41
1,2,3,0,2,7,1,6,10,2,8,10,2,5,15,6,9,15,2,10,23,4,20,32,2,11,26,8,34,60,11,29,53,5,12,42
0,2,4,0,2,4,2,5,9,3,5,9,0,6,13,4,9,19,3,7,27,4,19,29,2,17,27,8,42,60,10,29,46,3,16,34
0,1,10,4,4,18,0,3,25,0,1,18,0,2,20,0,0,19,0,1,34,0,2,60,1,7,59,7,20,60,1,10,60,1,3,60
0,0,11,0,1,18,0,2,20,1,7,50,2,3,31,0,2,37,0,0,39,2,5,59,0,1,60,5,15,60,1,6,60,0,12,60
1,4,5,0,3,8,0,5,13,0,8,17,4,14,23,1,25,38,2,19,42,3,16,35,0,16,38,7,27,53,12,54,60,11,60,60
0,0,5,0,2,12,2,4,10,1,4,22,9,15,20,1,1,3,0,0,10,3,7,15,2,5,36,9,28,60,3,7,24,0,2,7
1,3,5,1,6,13,2,8,11,2,3,7,2,10,13,5,11,20,0,2,29,6,17,24,2,9,26,9,39,60,11,27,38,5,17,34
0,3,6,0,5,9,0,8,14,0,12,17,4,15,25,2,25,41,1,28,45,4,21,36,1,20,39,13,26,59,14,58,60,7,60,60
1,2,5,1,3,7,1,7,16,1,2,30,1,3,14,2,4,8,0,0,3,4,9,31,0,6,27,17,32,60,6,19,36,12,20,58
0,1,6,0,3,7,0,3,18,1,1,32,1,1,15,0,2,10,0,0,3,0,5,35,1,2,30,10,32,60,2,15,42,8,15,60
1,1,4,2,2,4,1,3,7,2,2,36,1,2,12,1,1,1,0,0,3,2,6,15,1,1,7,6,14,40,6,7,22,1,6,18
2,3,7,0,5,6,3,9,17,8,23,43,7,18,31,0,0,5,9,13,16,9,19,30,7,22,44,15,46,60,13,46,60,8,20,49
0,3,15,1,4,28,2,7,38,2,25,60,0,11,60,4,10,60,2,8,60,9,34,60,3,21,60,11,37,60,14,45,60,2,56,60
0,2,18,0,1,25,2,5,42,20,60,60,4,16,60,1,7,60,0,5,60,4,16,60,2,13,60,4,35,60,3,35,60,3,13,60
1,5,5,4,5,8,2,7,14,1,21,34,4,16,29,0,6,11,2,15,33,1,19,31,8,29,43,7,45,60,7,36,60,4,39,60
1,1,17,0,1,24,2,10,45,30,60,60,6,19,60,1,3,56,1,5,60,2,13,60,7,13,60,8,38,60,11,36,60,1,16,60
0,0,9,0,1,17,2,7,34,3,10,55,3,8,36,1,1,10,0,0,8,1,4,60,2,7,50,3,26,60,3,16,60,0,3,60
1,1,13,2,4,22,3,5,47,6,50,60,3,6,52,1,3,23,1,2,19,4,9,60,3,8,60,12,39,60,7,16,60,1,3,60
0,2,14,0,4,31,3,5,45,2,9,60,2,6,46,0,2,16,1,1,19,3,8,60,5,19,60,5,17,60,7,27,60,25,34,60
0,0,3,1,1,6,1,2,14,5,16,21,7,11,20,0,1,1,0,0,0,1,3,17,0,1,24,8,23,60,1,10,38,1,1,8
1,1,3,6,11,17,2,7,10,0,10,12,2,8,16,6,14,29,5,16,26,9,20,30,7,24,34,14,35,60,5,14,24,15,37,43
1,2,8,2,4,18,1,4,19,1,14,32,0,0,11,1,4,6,0,1,16,2,9,53,3,11,44,8,25,60,6,14,59,2,14,60
0,0,13,1,1,23,1,1,29,1,13,34,3,4,20,0,0,16,1,2,38,2,3,60,0,2,60,7,21,60,3,4,60,15,22,60
1,3,5,2,4,9,2,6,10,9,32,47,5,10,22,9,21,39,5,21,52,5,17,36,9,31,58,12,50,60,13,45,60,13,44,60
2,2,6,3,4,14,1,3,17,1,1,32,0,0,10,2,4,6,0,1,10,2,9,44,4,11,40,9,31,60,5,16,57,2,13,60
2,5,8,10,20,23,0,4,8,4,27,46,7,19,33,39,60,60,13,47,60,1,14,24,17,36,54,7,38,60,12,47,60,11,60,60
2,3,6,0,2,11,0,4,15,1,2,31,0,2,17,3,4,10,0,1,3,6,10,34,9,13,29,6,34,60,4,12,40,4,8,60
1,4,6,0,3,8,4,5,12,4,7,19,1,11,24,16,33,40,12,24,36,4,22,39,12,30,46,3,29,55,19,51,60,47,60,60
2,4,7,0,4,8,3,5,11,4,8,18,1,12,24,15,31,40,7,24,39,4,21,36,9,28,47,4,27,55,16,53,60,44,60,60
1,4,7,2,6,18,2,4,24,0,0,31,0,3,29,0,2,6,0,5,19,1,4,51,9,22,50,9,35,60,3,11,51,2,5,56
1,1,2,0,4,7,2,7,11,2,7,10,1,4,13,6,8,12,0,6,15,9,21,32,3,8,17,11,37,60,9,36,53,5,32,36
0,1,3,3,6,9,0,10,10,1,3,7,2,9,16,1,4,11,0,6,16,5,20,31,0,14,21,13,31,60,11,34,47,8,40,49
1,4,4,8,10,11,2,5,9,1,7,14,0,7,16,3,17,25,0,32,33,1,13,24,3,14,22,11,40,60,4,18,40,0,14,41
0,2,9,0,2,20,3,8,23,0,1,26,3,7,29,3,9,39,0,1,58,5,12,50,0,6,49,6,44,60,7,23,60,3,21,49
1,3,5,0,4,13,2,8,17,8,25,32,4,22,36,0,3,5,2,14,15,4,23,25,6,25,39,9,44,60,19,58,60,11,35,41
1,2,5,1,3,5,3,7,14,1,1,27,1,4,11,2,4,7,0,0,2,4,8,26,0,5,22,13,34,60,8,18,30,7,20,43
1,2,3,1,2,4,1,2,5,0,20,23,0,3,13,1,3,6,3,7,16,3,18,26,7,21,34,3,27,55,4,20,26,6,14,36
2,5,7,2,18,25,2,12,14,6,19,29,4,21,26,15,60,60,3,34,57,1,20,36,3,17,41,12,38,60,5,45,60,17,52,60
1,3,6,1,10,14,1,4,9,10,19,38,7,14,26,1,9,59,9,12,27,4,15,31,6,20,45,16,39,60,6,45,60,5,24,53
2,5,9,6,21,31,3,5,14,3,15,31,8,17,31,6,60,60,19,53,60,2,20,31,4,32,52,10,34,60,8,42,60,9,45,60
0,0,0,2,3,5,3,7,10,0,1,2,1,3,7,1,4,5,0,1,1,6,14,21,2,2,8,5,28,42,6,17,29,4,8,11
1,2,6,0,8,13,1,7,22,1,8,42,2,8,27,3,5,10,0,5,13,4,21,54,2,9,43,5,26,60,7,22,60,22,60,60
1,2,10,4,5,20,3,9,39,7,14,60,4,6,40,0,2,12,0,0,14,5,12,60,10,19,57,5,24,60,14,33,60,10,29,60
1,3,7,0,4,9,1,9,13,3,8,18,0,14,23,18,30,44,15,27,40,6,23,38,9,22,51,5,31,54,23,52,60,29,60,60
1,3,5,1,4,10,1,5,11,2,23,30,2,11,15,3,18,37,3,19,34,11,30,45,8,29,41,8,36,56,12,40,60,6,60,60
0,4,7,1,2,7,4,12,19,6,41,60,4,19,33,0,4,5,0,13,19,5,14,30,6,25,37,15,59,60,13,53,60,4,21,42
1,1,18,0,1,19,2,8,44,29,60,60,8,20,60,0,4,57,2,4,60,3,16,60,7,13,60,9,39,60,13,33,60,3,16,60
0,1,4,1,1,16,1,9,21,1,2,56,1,5,30,0,4,11,2,6,20,6,19,53,0,9,37,7,31,60,9,23,60,29,34,60
2,3,6,2,3,11,0,5,15,1,2,31,0,3,17,3,4,10,0,0,3,5,11,36,9,13,29,8,39,60,6,14,41,3,12,60
1,2,6,3,7,11,4,5,23,3,24,35,3,11,25,3,4,11,1,2,13,5,16,59,5,9,44,6,22,60,7,22,60,6,60,60
0,0,0,1,1,7,0,0,8,1,14,18,0,2,8,0,0,2,0,0,3,1,2,14,2,4,9,1,8,60,5,6,19,1,1,5
0,1,5,0,2,17,0,2,21,0,2,26,3,5,23,0,2,15,0,0,23,0,5,52,1,10,48,8,20,60,2,13,60,21,26,60
0,1,5,0,2,17,0,2,21,0,2,26,3,5,23,0,2,15,0,0,23,0,5,52,1,10,48,8,20,60,2,13,60,21,26,60
1,2,6,1,3,7,2,7,16,1,2,31,1,4,14,2,4,9,0,0,3,3,14,31,0,6,29,15,38,60,7,21,37,4,22,60
0,1,9,4,4,17,1,3,25,0,0,16,2,2,25,0,1,19,0,2,30,0,3,55,1,7,52,6,20,60,1,9,60,1,1,60
0,0,2,1,4,5,3,5,9,0,1,6,1,2,4,0,1,10,1,2,10,7,17,29,0,5,12,6,36,57,10,17,34,4,17,27
0,1,9,4,4,17,1,3,26,0,0,18,2,2,29,0,1,17,0,3,30,2,5,53,1,8,51,8,20,60,1,9,60,1,1,60
0,0,3,0,2,6,3,4,9,3,4,22,10,15,17,1,1,3,0,0,10,3,6,15,0,5,27,7,25,60,0,4,18,0,0,4
0,4,4,1,6,7,4,7,10,4,16,46,4,14,22,6,32,46,4,36,43,6,22,32,5,28,47,7,43,60,12,53,60,10,60,60
1,2,3,0,1,7,1,6,10,3,8,10,2,7,16,6,11,13,1,9,25,4,20,32,2,12,27,7,31,58,11,32,56,6,20,48
0,1,1,1,4,5,2,7,10,0,5,7,1,3,7,0,9,9,1,3,13,8,21,30,3,6,11,7,36,60,9,30,45,5,24,35
0,2,12,1,6,19,2,4,26,9,18,60,3,7,43,2,5,60,1,8,53,5,8,60,1,6,60,7,29,60,7,13,60,21,24,60
0,2,3,0,2,8,0,6,9,2,7,8,0,4,10,6,8,15,2,9,23,4,20,35,0,14,21,9,35,60,9,23,53,3,14,44
0,1,6,0,1,10,1,1,16,0,9,34,0,2,12,1,2,6,0,1,12,2,7,38,0,7,37,7,22,60,3,9,52,0,11,60
0,0,12,0,1,21,0,2,24,0,12,32,0,4,19,0,0,13,0,1,36,1,2,60,0,2,60,6,22,60,0,3,60,0,18,60
1,2,6,2,5,16,3,6,7,2,16,45,0,5,24,11,60,60,1,20,41,4,19,31,13,30,48,14,48,60,12,44,60,13,33,60
1,4,5,1,2,7,2,5,9,19,28,32,3,10,13,3,20,60,2,11,27,4,27,41,9,38,49,8,46,60,10,36,57,7,34,60
2,5,10,6,21,32,1,5,11,3,16,31,7,17,31,18,60,60,18,52,60,2,18,28,6,33,56,9,35,60,13,40,60,9,49,60
1,2,6,1,5,18,1,5,7,0,19,29,0,11,25,5,60,60,8,15,38,3,17,32,9,32,50,8,47,60,16,47,60,12,28,59
0,1,3,1,2,3,0,6,7,0,4,26,2,5,11,0,3,27,3,7,13,12,25,29,6,12,25,4,29,49,2,19,36,2,17,39
0,2,8,1,2,20,0,4,22,4,8,36,1,1,17,0,1,16,2,4,38,4,12,60,4,13,54,6,27,60,9,20,60,5,11,60
1,2,7,1,4,12,1,3,15,1,9,34,0,2,12,2,4,6,0,1,12,2,10,40,5,9,40,8,29,60,6,17,53,11,12,60
0,0,9,0,2,18,2,3,29,0,2,35,0,0,22,0,0,24,0,7,36,0,6,60,1,3,60,3,24,60,1,6,60,3,6,60
0,1,1,2,7,9,3,5,7,1,1,4,2,4,5,0,8,11,0,6,6,4,12,21,1,10,14,16,32,52,2,9,21,1,17,35
0,0,1,2,5,8,3,9,12,0,2,2,2,5,7,4,4,7,1,1,4,5,17,25,0,6,16,9,33,60,7,20,22,7,10,18
1,2,3,4,11,17,1,5,10,6,10,14,2,10,21,6,25,29,5,23,28,10,21,29,7,28,35,12,39,60,9,14,25,30,38,42
0,3,6,2,11,20,2,3,5,1,22,29,3,11,20,17,25,32,19,31,55,2,12,22,6,29,49,4,21,41,2,19,34,5,46,60
1,2,10,1,4,18,2,7,31,6,11,60,2,3,42,1,1,10,0,0,5,2,6,48,7,7,60,2,23,60,4,17,60,15,18,60
0,1,8,0,2,12,1,3,27,0,1,60,1,2,30,0,0,12,0,0,8,0,2,44,0,7,44,3,22,60,3,8,60,0,16,60
0,0,5,0,3,8,1,5,16,13,19,35,4,13,24,1,1,3,0,0,1,5,11,24,0,2,35,6,24,60,11,20,48,0,6,26
0,1,4,3,4,12,2,9,14,0,7,16,3,13,26,1,4,8,0,2,5,2,12,28,3,9,27,13,36,60,9,41,60,0,27,38
0,0,13,0,2,23,3,5,38,1,8,57,4,9,47,1,1,11,0,0,11,2,8,60,2,8,60,6,33,60,3,13,60,0,4,60
0,2,8,0,3,15,0,8,26,0,8,47,0,6,30,0,0,6,0,0,5,1,4,41,0,12,50,3,30,60,4,13,60,1,17,42
1,1,11,0,0,17,1,3,32,0,2,60,0,1,40,0,0,15,0,0,10,0,2,58,0,6,60,3,20,60,3,5,60,0,17,60
0,0,3,1,1,6,1,2,13,2,14,20,8,11,20,0,0,1,0,0,0,1,2,17,0,1,24,7,23,60,1,7,37,1,1,8
0,1,9,0,3,20,2,9,35,1,17,60,0,5,35,0,3,13,0,0,8,2,10,54,0,7,60,5,26,60,4,27,60,1,19,60
0,0,10,0,2,19,2,6,36,0,1,50,1,7,42,0,1,10,0,0,7,4,10,60,0,5,59,16,31,60,6,12,60,1,5,60
0,1,7,1,2,15,2,7,26,0,5,47,1,6,30,0,0,6,0,0,5,1,7,41,3,4,47,4,30,60,6,19,60,3,6,41
0,2,11,1,7,25,0,3,41,5,15,60,2,8,41,0,2,15,0,3,13,1,10,60,8,21,60,8,21,60,4,25,60,0,13,60
0,0,2,2,5,17,0,8,18,0,2,4,1,11,23,1,4,5,0,0,0,3,11,26,0,8,17,11,45,60,7,32,49,4,5,25
0,0,2,0,6,17,3,11,13,0,2,4,2,9,15,1,2,7,0,0,6,8,16,27,1,11,23,12,50,60,10,25,40,0,8,17
1,5,8,4,22,28,4,9,13,3,11,31,4,21,25,2,60,60,10,51,60,4,20,28,3,26,49,12,33,57,5,44,60,10,40,60
1,1,9,4,6,23,3,8,39,7,16,60,4,6,41,0,2,12,0,0,13,6,12,60,10,16,60,3,28,60,12,34,60,10,12,60
0,2,6,0,3,12,3,4,19,0,10,48,1,3,17,0,0,6,0,2,32,4,14,50,0,9,51,12,32,60,6,13,60,3,7,57
1,3,9,2,5,18,2,6,22,0,1,23,1,1,27,0,0,10,0,1,22,5,14,54,3,16,56,8,29,60,2,11,60,2,5,60
1,2,7,0,3,9,3,4,20,3,8,32,0,3,12,0,0,7,1,2,30,5,14,51,3,7,46,8,28,60,8,17,60,2,10,56
0,1,10,0,3,21,1,2,21,9,12,32,1,3,14,0,2,9,0,1,31,0,4,60,0,4,60,5,19,60,0,8,60,4,20,60
0,4,5,1,13,27,1,4,5,2,21,35,0,16,30,27,60,60,9,28,42,3,15,20,5,27,60,11,43,60,11,43,60,10,30,60
0,1,5,0,0,6,0,2,14,0,2,43,0,3,17,0,1,3,0,7,17,1,7,32,0,7,37,6,22,60,0,4,51,0,0,19
0,2,7,1,3,18,1,2,20,0,18,34,0,4,14,2,5,6,1,1,23,5,9,55,4,13,46,5,22,60,9,19,60,10,31,60
0,2,3,1,1,5,1,3,7,0,23,25,3,7,10,0,4,24,4,7,12,13,21,35,9,23,28,4,30,55,4,23,40,2,19,37
0,1,3,0,2,4,1,1,4,0,19,22,0,5,7,0,3,4,5,8,9,8,18,25,2,19,32,4,17,50,3,18,26,3,11,22
1,2,6,1,3,11,1,1,14,0,1,28,0,0,10,1,2,6,0,0,8,2,3,39,1,7,34,9,28,60,4,5,50,1,3,59
2,4,6,0,5,14,3,6,12,15,21,24,3,11,17,10,42,55,3,10,19,7,17,28,4,17,32,8,46,60,17,38,58,19,43,60
1,3,4,0,2,6,1,3,6,19,23,29,1,7,16,2,6,19,3,12,22,4,23,31,8,27,47,6,33,60,5,22,40,7,21,48
1,1,9,0,2,18,0,2,26,0,10,34,0,5,19,1,2,10,0,5,35,2,12,60,4,9,55,4,21,60,3,19,60,1,33,60
1,1,9,0,2,18,0,2,26,0,10,34,0,5,19,1,2,10,0,5,35,2,12,60,4,9,55,4,21,60,3,19,60,1,33,60
1,1,9,0,2,18,0,2,26,0,10,34,0,5,19,1,2,10,0,5,35,2,12,60,4,9,55,4,21,60,3,19,60,1,33,60
1,1,9,0,2,18,0,2,26,0,10,34,0,5,19,1,2,10,0,5,35,2,12,60,4,9,55,4,21,60,3,19,60,1,33,60
1,1,9,0,2,18,0,2,26,0,10,34,0,5,19,1,2,10,0,5,35,2,12,60,4,9,55,4,21,60,3,19,60,1,33,60
1,4,7,2,6,18,2,4,24,0,0,31,0,3,29,0,2,6,0,5,19,1,4,51,9,22,50,9,35,60,3,11,51,2,5,56
1,2,6,0,3,12,4,7,11,2,7,11,2,9,16,1,19,31,5,26,42,4,20,30,5,20,35,10,39,60,11,33,52,7,17,26
1,2,15,1,2,28,0,5,37,3,36,60,1,8,60,3,8,60,3,6,60,9,27,60,6,12,60,6,35,60,17,37,60,3,12,60
0,2,3,1,6,11,2,4,6,12,19,24,3,7,10,2,13,19,1,15,23,4,9,22,1,9,21,9,30,53,11,17,31,21,26,30
1,3,7,2,4,18,0,4,21,0,0,18,0,2,28,0,1,7,0,0,20,1,7,53,8,18,50,9,27,60,2,9,55,1,6,54
0,2,3,3,7,9,4,8,12,2,6,9,1,12,19,2,8,12,1,6,20,11,28,31,4,7,22,7,47,60,12,44,60,16,35,57
1,3,6,1,4,11,1,6,11,3,20,47,1,9,20,5,41,60,1,19,30,2,19,29,12,31,51,7,51,60,14,39,60,9,31,58
1,3,9,1,4,21,3,9,26,1,1,18,2,8,29,1,13,39,1,4,60,6,16,60,4,12,53,10,49,60,11,28,60,16,26,55
1,3,9,1,4,20,3,10,26,0,1,18,2,10,28,4,12,40,1,4,60,7,17,60,4,14,53,12,49,60,10,29,60,17,28,60
0,2,12,1,6,19,2,4,27,12,17,60,3,5,45,2,6,60,1,2,53,5,9,60,1,6,60,6,29,60,6,14,60,21,22,60
0,1,1,1,4,5,4,5,7,0,2,6,1,3,3,0,5,9,1,3,12,6,17,32,1,6,7,7,36,51,9,18,33,5,18,26
1,3,7,3,5,18,0,7,21,0,0,20,1,1,28,0,1,9,0,1,20,1,10,52,8,17,51,9,28,60,1,10,60,1,5,55
1,3,4,1,4,8,1,3,10,2,26,31,1,11,15,3,9,13,9,17,22,4,15,35,8,26,39,13,45,60,8,27,49,10,33,60
1,3,6,2,3,11,0,5,15,1,2,31,0,3,17,3,5,10,0,0,3,5,11,37,6,11,29,8,42,60,7,14,41,3,12,60
0,2,7,0,7,12,2,5,20,6,21,34,3,8,23,0,3,13,1,2,12,8,15,57,1,12,43,9,28,60,7,14,60,4,12,60
0,2,7,0,4,12,3,6,22,11,21,34,4,8,20,0,3,13,1,2,12,8,14,58,3,10,43,7,31,60,4,15,60,0,30,60
0,0,9,0,4,25,0,4,30,0,0,36,1,4,40,0,4,39,2,5,33,1,8,60,2,3,60,6,25,60,3,8,60,0,4,60
0,1,7,0,2,23,1,3,23,0,10,46,0,2,32,4,6,46,1,8,33,3,7,58,0,7,60,10,26,60,3,10,60,1,4,60
0,2,6,1,1,15,2,6,22,1,3,56,0,3,31,1,3,12,3,6,22,7,20,57,5,14,44,7,30,60,7,29,60,2,33,60
1,4,17,1,3,26,3,10,40,10,32,60,3,15,60,2,9,60,3,6,60,10,29,60,4,27,60,10,37,60,17,43,60,8,23,60
2,4,5,1,5,8,2,8,14,3,13,21,2,12,16,16,31,41,17,28,32,6,24,40,12,36,46,7,28,58,18,53,60,60,60,60
1,4,15,1,4,27,0,6,37,3,34,60,0,11,60,4,9,60,3,6,60,9,29,60,6,20,60,8,34,60,16,40,60,4,16,60
0,4,5,1,1,6,2,12,18,15,28,50,6,19,30,0,3,4,4,12,17,5,21,27,4,27,32,16,53,60,10,60,60,4,25,50
2,3,18,1,2,31,4,10,42,4,31,60,4,15,60,1,6,60,2,6,60,5,20,60,8,21,60,11,43,60,6,43,60,8,35,60
1,2,10,1,3,22,4,6,44,0,14,60,2,4,48,1,2,21,1,2,14,7,11,60,3,8,55,9,37,60,3,24,60,1,4,60
0,0,11,0,1,20,1,4,35,0,3,51,2,7,44,0,1,14,0,3,11,3,11,60,0,4,60,7,29,60,2,10,60,0,4,60
1,2,10,1,8,23,2,11,43,1,12,60,0,4,47,2,2,14,1,2,13,4,14,60,2,11,60,15,41,60,8,28,60,1,6,60
1,2,10,1,4,17,2,7,31,6,11,60,2,3,41,1,1,10,0,0,5,2,6,47,7,7,60,3,23,60,4,16,60,15,18,47
0,1,5,0,1,4,2,4,12,0,1,19,1,3,6,0,3,7,0,0,2,1,7,19,0,1,21,3,29,60,4,13,25,0,15,23
0,1,8,0,3,26,1,3,23,0,10,44,0,4,33,4,6,54,1,8,33,3,6,60,0,8,60,9,27,60,2,12,60,1,3,60
0,0,4,0,1,11,4,7,22,1,5,55,2,9,26,1,2,8,2,5,12,5,20,52,0,1,30,8,27,60,5,19,60,4,29,60
0,1,3,2,2,5,0,3,5,2,2,36,2,2,12,1,1,1,0,0,3,2,4,22,0,1,5,7,13,40,6,6,20,2,2,19
0,0,12,1,1,23,1,1,29,1,13,35,1,4,20,0,0,16,1,2,38,2,3,60,0,2,60,6,23,60,3,5,60,0,22,60
1,2,7,0,2,14,1,2,22,8,14,34,1,2,13,1,4,7,0,3,30,3,14,51,4,12,41,9,21,60,5,25,60,3,17,60
1,2,7,1,3,12,4,6,18,1,10,39,2,3,18,0,0,8,0,4,33,4,11,55,2,10,56,9,37,60,4,14,60,4,6,58
0,3,5,2,11,21,2,3,8,5,23,32,0,14,25,4,58,60,9,13,36,4,13,24,4,26,57,15,42,60,9,45,60,9,30,53
1,2,5,0,3,6,1,3,6,19,26,30,1,9,15,0,9,23,3,9,23,2,28,33,10,30,51,8,44,60,9,29,52,9,25,53
1,2,8,2,3,18,5,5,20,0,1,25,1,3,16,0,0,9,1,1,20,9,15,54,4,9,55,9,30,60,6,10,60,2,18,60
1,3,7,0,2,11,1,2,19,0,7,32,1,2,17,1,3,11,0,2,4,3,10,44,6,11,31,15,31,60,1,13,52,0,3,60
0,0,6,1,1,18,1,2,20,0,0,23,1,2,37,2,2,29,1,4,37,5,6,60,1,3,58,7,14,60,4,8,60,2,4,60
0,1,4,2,2,4,0,3,5,2,2,36,1,2,12,1,1,1,0,0,3,2,5,16,1,1,7,7,14,39,6,7,22,2,6,18
0,2,6,0,3,4,2,6,12,0,4,31,2,2,11,0,6,7,0,0,2,1,15,26,0,9,25,11,27,60,2,16,31,4,15,27
1,2,6,0,1,15,0,4,24,1,2,51,0,2,29,2,3,17,4,5,23,4,10,60,9,14,46,9,26,60,5,22,60,2,27,60
0,0,4,0,0,14,1,9,22,0,4,45,3,5,28,1,1,10,2,5,15,7,16,47,0,0,32,5,16,60,9,17,60,1,34,60
1,2,4,0,4,8,1,6,9,4,8,11,2,9,18,3,11,15,1,8,24,7,24,32,2,16,19,7,29,60,7,42,60,5,35,52
0,4,7,2,6,20,1,4,26,0,0,31,0,3,29,0,2,7,0,7,20,1,5,51,7,22,53,9,33,60,3,12,56,2,4,60
1,1,7,2,2,16,2,3,22,0,0,31,2,2,29,1,1,6,7,7,15,5,5,41,3,11,48,9,27,60,5,8,55,0,3,60
0,0,0,1,4,5,3,4,5,0,1,1,0,2,2,0,1,2,0,5,10,1,8,21,1,3,7,6,29,46,4,13,18,1,6,17
1,2,6,0,3,15,1,3,19,0,0,26,0,2,26,1,1,5,0,1,22,0,3,49,5,14,49,6,21,60,0,8,45,1,4,31
1,3,15,1,4,27,0,6,38,3,35,60,1,9,60,3,8,60,3,6,60,10,28,60,6,15,60,7,37,60,17,39,60,4,11,60
0,0,0,0,1,6,1,3,4,0,0,1,0,1,2,0,0,1,0,5,12,0,10,18,1,1,5,7,25,43,1,10,15,0,5,6
0,4,6,1,3,8,4,8,10,2,5,9,3,8,16,1,15,28,0,22,35,6,23,31,3,24,29,12,37,60,11,39,55,6,21,30
1,2,7,4,7,11,4,6,21,1,17,34,2,10,24,3,4,12,1,2,13,6,17,58,5,9,45,6,18,60,6,22,60,6,49,60
0,1,5,2,2,19,1,1,19,0,2,29,1,4,22,1,7,22,0,10,27,3,12,46,0,6,46,5,22,60,2,15,60,1,9,60
1,4,6,0,4,10,2,9,11,3,8,19,1,14,25,19,32,44,16,27,40,6,21,38,10,24,52,3,33,54,20,55,60,28,60,60
1,1,10,0,0,19,1,5,19,1,11,30,0,3,14,0,1,9,0,1,26,2,6,59,2,2,60,3,27,60,1,5,60,2,19,60
1,3,3,4,11,17,1,6,12,6,10,17,2,10,22,6,24,29,5,23,29,9,21,30,7,28,37,12,45,60,8,15,29,30,38,45
0,1,5,0,1,15,1,5,22,1,2,55,0,4,30,1,2,15,2,4,22,5,13,57,7,17,39,11,34,60,5,33,60,1,36,60
1,1,5,0,1,4,2,2,12,2,3,24,0,2,10,0,1,7,0,0,1,2,4,22,1,4,18,4,8,60,0,2,29,0,1,30
1,3,5,7,12,13,1,8,12,3,10,32,10,25,37,1,3,4,2,3,7,2,15,26,8,24,35,6,49,60,11,39,60,14,22,55
1,4,6,0,4,9,0,8,13,3,8,17,0,14,24,18,30,44,13,27,41,6,20,37,8,23,51,5,30,56,25,51,60,28,60,60
1,4,6,0,4,9,0,8,13,3,8,17,0,14,24,18,30,44,13,27,41,6,20,37,8,23,51,5,30,56,25,51,60,28,60,60
1,4,6,0,4,9,0,8,13,3,8,17,0,14,24,18,30,44,13,27,41,6,20,37,8,23,51,5,30,56,25,51,60,28,60,60
1,4,6,0,4,9,0,8,13,3,8,17,0,14,24,18,30,44,13,27,41,6,20,37,8,23,51,5,30,56,25,51,60,28,60,60
1,2,4,0,2,4,3,10,17,12,24,45,1,15,26,2,3,6,3,7,15,3,16,29,6,15,28,17,51,60,17,60,60,8,32,43
1,4,17,0,4,28,1,9,39,4,24,60,0,10,60,3,8,60,1,8,60,13,32,60,5,27,60,7,31,60,14,51,60,3,22,60
1,3,5,0,3,14,3,8,18,13,25,34,6,21,39,0,2,5,6,14,15,7,24,31,7,23,42,11,45,60,17,54,60,4,37,44
1,3,17,0,3,26,3,10,46,4,47,60,4,20,60,0,4,60,1,6,60,3,17,60,7,24,60,16,46,60,19,39,60,5,16,60
1,3,17,0,3,26,3,10,46,4,47,60,4,20,60,0,4,60,1,6,60,3,17,60,7,24,60,16,46,60,19,39,60,5,16,60
1,3,6,1,6,7,1,11,15,4,9,43,4,12,31,1,3,13,1,10,25,3,13,38,6,29,47,15,41,60,2,40,60,4,39,60
0,0,0,1,3,3,2,5,9,0,0,2,1,3,5,0,3,4,0,0,1,5,9,16,0,2,2,6,26,47,5,13,18,1,8,8
0,2,5,1,1,15,3,6,22,0,3,51,1,4,27,1,5,11,3,6,19,6,24,56,1,15,42,7,30,60,8,28,60,0,55,60
0,2,7,3,7,12,3,5,22,9,25,35,5,8,24,1,3,13,1,2,13,6,15,58,6,11,43,8,29,60,8,14,60,3,38,60
1,2,7,0,5,17,0,3,23,10,10,54,1,2,26,4,7,21,8,9,27,2,7,55,6,9,52,6,29,60,5,12,60,1,6,60
1,2,5,1,3,4,3,7,13,0,2,26,1,4,10,2,4,7,0,0,2,7,11,24,0,5,22,11,37,60,10,19,30,6,21,25
0,0,2,1,1,5,1,2,14,0,0,24,0,0,12,0,0,2,0,0,13,0,0,15,4,9,25,1,7,60,1,1,31,0,0,33
0,2,7,0,7,12,2,6,22,8,21,34,4,8,20,0,3,12,1,2,12,8,12,58,3,12,43,7,29,60,5,15,60,1,20,60
0,0,3,1,1,12,0,5,20,1,4,54,3,6,23,1,2,8,2,3,11,4,12,47,0,0,25,5,20,60,5,11,60,1,5,60
1,3,6,4,7,11,3,6,19,1,10,33,2,7,24,0,3,11,0,2,15,6,16,58,2,12,46,7,15,60,6,19,60,6,14,60
0,0,1,0,1,7,0,0,15,0,8,45,0,1,21,0,0,5,0,0,7,2,2,34,0,0,14,2,17,60,0,2,41,0,1,60
1,2,4,1,7,12,2,4,10,13,22,27,4,9,15,5,18,23,7,23,35,6,21,35,4,19,37,8,39,55,9,30,42,23,27,57
0,4,4,2,6,7,4,7,10,3,16,44,4,15,22,4,33,46,4,41,44,6,23,34,3,28,42,5,44,60,12,53,60,10,60,60
1,2,4,1,6,8,2,8,15,0,3,6,3,10,14,6,11,17,0,1,14,8,17,25,3,10,20,8,43,60,13,32,44,8,29,36
1,2,5,2,7,10,3,9,11,2,8,17,7,15,24,3,9,37,4,18,34,7,21,32,2,12,32,13,42,60,18,46,60,21,52,60
1,3,4,1,6,12,1,7,10,2,3,5,2,11,11,4,10,20,0,1,26,6,12,24,0,6,21,8,40,60,11,26,34,4,15,20
1,4,7,7,13,22,1,5,7,7,23,28,8,16,23,19,28,31,18,27,45,8,15,21,16,34,54,9,30,60,7,23,33,23,47,60
0,1,1,2,7,8,3,5,7,1,1,2,2,3,5,0,7,10,0,4,6,2,10,22,1,8,13,16,34,52,1,8,17,1,13,22
1,6,6,2,5,13,1,6,13,3,13,27,3,13,21,42,60,60,7,23,34,5,22,29,1,21,44,9,43,60,7,42,60,20,57,60
0,6,6,2,9,16,1,7,11,0,9,27,1,12,22,35,60,60,8,27,38,4,21,31,3,26,55,12,44,60,9,41,60,12,56,60
0,2,7,1,3,19,1,5,19,0,1,15,0,3,16,0,0,9,1,2,19,10,15,53,2,9,51,11,31,60,4,11,58,3,17,60
1,3,5,0,4,7,3,3,9,5,19,22,3,6,15,6,29,46,1,8,15,6,17,32,2,16,28,14,41,60,11,30,46,16,26,55
3,5,7,1,13,19,2,9,16,5,21,27,2,12,28,29,56,60,5,23,38,4,20,33,3,18,35,13,38,60,14,40,60,27,52,60
1,3,8,2,5,18,4,6,22,0,1,18,1,1,27,0,0,10,0,1,22,7,15,54,3,15,55,9,30,60,2,12,60,2,5,60
1,6,6,2,5,13,1,6,13,3,13,27,3,13,21,42,60,60,7,23,34,5,22,29,1,21,44,9,43,60,7,42,60,20,57,60
1,4,5,1,2,12,3,4,9,3,21,23,3,10,17,24,50,60,6,11,22,11,20,34,1,22,35,11,45,60,12,39,54,17,49,59
0,2,3,1,1,5,1,3,7,0,21,24,2,4,10,0,2,18,3,7,10,11,21,32,7,19,27,3,32,51,3,19,38,2,19,35
1,2,8,3,5,18,2,5,21,0,0,18,1,1,26,0,0,9,0,2,18,7,15,52,2,13,50,10,29,60,4,11,60,3,3,53
0,6,6,2,7,15,1,7,11,1,9,26,1,11,22,37,60,60,9,25,35,6,21,29,3,25,49,10,43,60,10,41,60,12,54,60
1,3,5,0,3,7,3,4,9,9,19,23,3,8,16,7,37,52,1,8,14,7,17,32,3,17,32,15,44,60,16,31,49,17,38,57
1,2,7,0,4,13,1,3,16,1,9,34,0,1,12,2,4,6,0,1,10,2,10,42,4,11,39,9,30,60,6,17,54,12,12,60
0,2,3,3,13,16,2,4,10,5,10,17,3,11,17,7,27,28,1,25,28,5,19,22,1,30,35,9,26,60,8,13,23,22,40,48
1,5,8,4,18,26,4,10,14,4,11,31,4,20,26,4,60,60,4,43,58,2,21,34,2,24,48,10,36,60,4,48,60,17,49,60
1,2,5,6,12,17,5,9,13,1,6,21,5,12,18,4,10,17,2,12,26,0,10,27,7,13,27,4,21,46,8,28,48,4,18,38
0,1,2,1,6,14,5,13,15,1,3,6,2,9,15,1,7,13,0,6,6,6,24,33,4,16,22,3,55,60,8,30,42,1,23,30
0,1,3,3,6,10,2,5,7,1,10,14,2,4,8,0,4,10,2,5,8,1,5,11,3,11,19,10,26,46,9,16,32,3,8,16
2,4,8,6,22,37,0,5,8,6,25,32,4,24,34,5,24,60,21,59,60,6,16,22,18,40,60,8,36,52,5,43,58,16,56,60
0,2,11,3,4,23,3,5,46,12,60,60,4,7,58,0,2,23,1,3,21,3,7,60,1,11,60,10,33,60,7,8,60,0,4,60
1,2,10,1,4,17,2,7,31,6,11,60,2,3,41,1,1,10,0,0,5,2,6,47,7,7,60,3,23,60,4,16,60,15,18,47
2,4,10,5,17,34,1,3,5,10,37,45,10,30,47,1,9,58,2,22,57,1,9,23,9,40,60,9,35,57,12,45,60,31,53,60
1,3,5,1,10,13,2,9,15,5,23,29,5,23,35,0,3,5,2,10,15,7,19,26,4,23,40,7,44,60,21,52,60,20,27,41
0,0,3,0,1,6,1,2,10,0,9,20,5,9,16,0,0,1,0,0,2,1,2,17,1,1,24,10,20,60,0,4,38,0,1,8
1,2,4,1,10,13,3,7,12,0,16,27,6,20,34,1,4,5,0,5,12,6,11,28,5,19,30,10,42,60,22,50,60,18,27,35
0,1,5,1,2,10,3,5,22,3,14,44,3,7,29,0,1,4,0,0,4,4,11,32,2,4,35,7,29,60,7,27,60,1,7,30
0,0,10,0,2,18,2,6,35,0,4,50,2,6,42,0,1,10,0,0,7,5,10,60,0,5,59,8,30,60,6,11,60,2,5,60
0,0,3,0,1,5,0,2,9,0,5,19,1,9,16,0,0,1,0,0,2,0,2,16,1,2,24,10,18,60,0,1,32,0,1,8
0,2,5,0,1,10,2,5,22,2,15,42,2,8,27,0,1,3,0,0,0,2,9,27,0,10,31,4,22,60,7,24,58,0,4,29
0,0,10,1,1,20,0,2,34,0,1,49,1,2,43,0,0,13,0,4,11,2,7,60,0,3,60,5,15,60,0,4,60,0,3,60
1,2,5,6,12,16,4,9,14,1,5,22,4,12,18,3,10,16,1,11,24,0,10,28,5,14,30,5,21,47,7,29,47,4,17,38
1,2,5,6,12,16,4,9,14,1,5,22,4,12,18,3,10,16,1,11,24,0,10,28,5,14,30,5,21,47,7,29,47,4,17,38
1,1,3,6,11,17,2,7,10,0,10,12,2,8,16,6,14,29,5,16,26,9,20,30,7,24,34,14,35,60,5,14,24,15,37,43
0,2,4,2,10,16,1,3,6,4,8,24,1,9,16,10,26,29,13,23,35,2,12,19,1,23,35,5,21,35,2,11,27,18,35,58
1,5,8,4,22,28,4,9,13,3,11,31,4,21,25,2,60,60,10,51,60,4,20,28,3,26,49,12,33,57,5,44,60,10,40,60
0,6,6,2,8,15,1,7,12,2,9,27,2,12,21,38,60,60,9,26,38,5,21,31,3,26,53,9,44,60,11,44,60,18,57,60
2,3,7,1,3,8,3,5,9,2,24,36,3,9,16,9,60,60,2,15,40,3,20,38,14,33,50,16,45,60,11,43,60,9,42,60
1,3,5,0,3,7,3,4,9,9,19,23,3,8,16,7,37,52,1,8,14,7,17,32,3,17,32,15,44,60,16,31,49,17,38,57
1,5,7,2,11,22,0,9,13,3,16,27,2,15,25,40,60,60,8,27,42,5,19,34,1,20,49,13,40,60,12,41,60,16,55,60
0,2,7,1,3,18,1,2,20,5,18,34,0,3,13,2,5,6,1,1,23,5,9,54,4,13,46,5,22,60,9,17,60,10,31,60
0,0,12,1,2,24,1,2,36,3,13,37,1,4,25,0,1,18,1,2,38,2,3,60,1,3,60,5,17,60,2,7,60,4,23,60
0,2,3,0,2,3,1,1,4,0,19,21,0,3,6,0,3,4,2,8,9,3,16,23,2,19,30,2,17,42,3,12,25,0,9,21
0,4,4,2,5,7,3,7,11,4,15,41,4,15,22,5,33,46,8,39,44,8,22,33,5,26,43,6,47,60,13,54,60,11,60,60
0,2,12,1,2,19,1,4,26,15,20,60,2,6,50,1,6,59,1,3,60,0,14,60,2,13,60,6,30,60,3,23,60,19,25,60
1,1,9,1,1,21,4,8,21,1,1,15,3,8,25,1,12,37,0,3,60,5,12,53,3,8,51,7,47,60,7,23,60,15,24,49
0,1,5,1,1,13,2,4,12,1,4,22,2,15,22,1,2,4,0,0,12,3,6,24,2,4,40,9,27,60,3,8,29,0,2,8
0,4,7,0,3,11,1,3,17,1,3,32,1,2,17,3,4,11,0,0,3,4,10,40,2,15,30,9,40,60,4,13,47,2,11,60
1,1,4,2,2,4,0,3,7,1,2,36,1,2,12,1,1,1,0,0,3,2,6,15,1,1,7,5,14,41,6,7,22,1,6,18
1,2,6,3,7,10,2,7,22,5,21,34,5,10,26,3,4,10,1,1,13,4,16,55,6,9,42,3,22,60,7,21,60,31,60,60
1,4,6,0,3,11,0,4,15,1,3,31,1,2,17,3,4,10,0,0,3,6,10,38,6,13,29,9,42,60,6,13,41,2,11,60
0,0,4,0,0,14,3,9,22,1,4,45,3,6,28,1,1,8,2,5,13,5,17,46,0,0,31,5,15,60,9,16,60,1,34,60
0,1,4,1,1,4,1,4,12,1,3,6,3,4,7,2,4,7,0,0,0,4,8,19,0,2,17,2,23,60,3,9,25,0,7,23
0,0,4,0,2,14,1,8,22,1,4,55,2,5,29,0,2,11,2,5,20,7,18,51,0,4,35,7,24,60,10,21,60,29,34,60
1,1,7,0,0,7,2,2,13,0,0,30,1,1,12,0,0,8,0,0,2,0,2,29,2,2,20,3,9,60,1,1,39,0,0,31
1,2,4,1,2,4,3,12,16,14,22,40,4,18,27,2,3,4,3,10,17,6,19,26,6,18,32,15,49,60,17,60,60,9,31,44
2,3,7,0,2,8,2,8,13,4,9,19,2,9,24,19,31,44,18,27,40,5,25,36,8,26,52,5,32,54,15,57,60,35,60,60
1,3,5,1,2,5,2,12,17,17,23,37,5,18,35,0,3,5,5,13,14,6,21,32,5,24,36,14,56,60,19,60,60,7,37,45
0,1,10,2,3,20,3,8,33,2,15,60,1,4,35,1,2,11,0,0,9,3,8,54,0,8,60,6,31,60,5,26,60,2,19,60
0,2,6,1,1,15,1,6,22,1,3,52,0,3,29,2,3,11,3,6,19,4,24,56,3,14,45,10,28,60,6,28,60,1,51,60
0,2,6,1,1,15,1,6,22,1,3,52,0,3,29,2,3,11,3,6,19,4,24,56,3,14,45,10,28,60,6,28,60,1,51,60
0,2,6,1,1,15,1,6,22,1,3,52,0,3,29,2,3,11,3,6,19,4,24,56,3,14,45,10,28,60,6,28,60,1,51,60
0,2,6,1,1,15,1,6,22,1,3,52,0,3,29,2,3,11,3,6,19,4,24,56,3,14,45,10,28,60,6,28,60,1,51,60
0,2,6,1,1,15,1,6,22,1,3,52,0,3,29,2,3,11,3,6,19,4,24,56,3,14,45,10,28,60,6,28,60,1,51,60
0,2,6,1,1,15,1,6,22,1,3,52,0,3,29,2,3,11,3,6,19,4,24,56,3,14,45,10,28,60,6,28,60,1,51,60
0,2,6,1,1,15,1,6,22,1,3,52,0,3,29,2,3,11,3,6,19,4,24,56,3,14,45,10,28,60,6,28,60,1,51,60
0,2,6,1,1,15,1,6,22,1,3,52,0,3,29,2,3,11,3,6,19,4,24,56,3,14,45,10,28,60,6,28,60,1,51,60
0,2,6,1,1,15,1,6,22,1,3,52,0,3,29,2,3,11,3,6,19,4,24,56,3,14,45,10,28,60,6,28,60,1,51,60
0,2,6,1,1,15,1,6,22,1,3,52,0,3,29,2,3,11,3,6,19,4,24,56,3,14,45,10,28,60,6,28,60,1,51,60
0,2,6,1,1,15,1,6,22,1,3,52,0,3,29,2,3,11,3,6,19,4,24,56,3,14,45,10,28,60,6,28,60,1,51,60
0,2,6,1,1,15,1,6,22,1,3,52,0,3,29,2,3,11,3,6,19,4,24,56,3,14,45,10,28,60,6,28,60,1,51,60
0,2,6,1,1,15,1,6,22,1,3,52,0,3,29,2,3,11,3,6,19,4,24,56,3,14,45,10,28,60,6,28,60,1,51,60
0,2,6,1,1,15,1,6,22,1,3,52,0,3,29,2,3,11,3,6,19,4,24,56,3,14,45,10,28,60,6,28,60,1,51,60
0,2,6,1,1,15,1,6,22,1,3,52,0,3,29,2,3,11,3,6,19,4,24,56,3,14,45,10,28,60,6,28,60,1,51,60
0,2,6,1,5,5,1,7,10,5,41,48,3,10,15,8,23,60,2,21,40,4,16,32,6,34,49,17,56,60,15,44,60,9,31,60
0,0,4,0,0,16,1,5,23,1,5,60,1,6,30,1,1,10,1,5,15,1,12,49,0,0,44,0,10,60,3,13,60,1,31,60
0,2,5,0,3,13,2,8,22,0,6,42,1,7,27,1,5,9,0,6,14,4,26,53,0,11,39,5,24,60,7,31,60,19,58,60
1,3,8,1,3,24,3,7,23,1,1,16,2,6,25,1,7,34,1,6,60,4,12,60,3,17,51,8,45,60,6,23,60,13,23,55
0,3,6,2,4,9,0,7,14,0,13,19,4,16,24,1,26,41,1,31,44,4,21,37,1,16,38,12,27,60,13,57,60,3,60,60
1,2,3,0,3,8,2,9,13,0,3,5,2,9,13,7,10,14,0,1,6,8,16,22,4,9,16,12,45,60,11,29,41,4,25,32
0,1,2,0,10,10,2,4,6,1,16,22,1,6,9,2,8,14,0,13,21,3,8,14,1,5,13,10,29,49,5,12,19,1,24,26
0,1,3,4,7,9,0,8,10,1,2,4,1,7,15,1,2,8,0,4,12,4,17,26,0,14,23,12,29,51,11,29,43,1,30,48
1,3,5,0,9,9,2,5,9,6,25,28,3,11,14,2,20,25,3,22,38,4,22,40,6,26,38,10,35,56,13,33,53,22,34,60
1,1,4,2,2,4,1,3,7,1,2,36,1,2,12,1,1,1,0,0,3,2,6,15,1,1,7,5,14,41,6,7,22,1,6,18
1,2,6,0,5,15,1,4,24,1,2,50,0,2,29,1,3,15,2,5,24,2,12,60,5,14,46,8,27,60,5,20,60,2,25,60
0,0,5,0,4,10,2,6,21,4,8,48,2,8,25,0,4,9,0,4,13,4,20,52,1,4,30,7,26,60,3,16,60,26,60,60
1,2,5,1,3,4,3,7,13,0,2,26,1,4,10,2,5,7,0,0,2,7,11,24,0,7,22,11,36,60,10,18,30,6,22,24
2,4,19,1,5,31,4,8,44,4,23,60,3,16,60,1,8,60,2,7,60,7,23,60,10,27,60,11,42,60,9,45,60,10,52,60
2,3,7,0,3,7,1,5,13,4,5,18,0,14,26,13,29,41,6,23,44,4,20,36,7,26,47,4,28,54,19,46,60,42,60,60
0,2,6,0,3,11,1,1,14,0,1,28,0,0,10,1,2,6,0,0,7,2,3,39,0,7,33,10,28,60,4,5,51,1,3,59
1,3,6,3,3,7,2,6,16,1,2,31,1,3,16,2,5,10,0,0,3,4,13,34,2,12,30,10,41,60,6,18,39,6,22,60
1,2,5,0,1,16,1,6,22,1,2,54,0,3,31,1,2,16,2,4,23,5,10,59,10,17,41,8,34,60,7,34,60,1,56,60
0,2,8,1,2,15,0,7,26,0,11,47,0,7,30,0,0,6,0,0,5,1,7,42,3,10,50,4,30,60,6,17,60,3,17,41
1,4,6,0,5,9,0,9,12,3,10,19,1,16,25,17,32,45,11,30,46,5,21,39,8,28,42,5,25,56,16,55,60,23,60,60
1,5,5,1,2,9,3,10,17,16,23,31,6,16,37,0,2,5,4,14,15,6,20,32,5,26,40,14,53,60,14,58,60,4,37,43
1,2,17,0,1,20,2,7,46,28,60,60,8,22,60,0,5,54,2,4,60,4,17,60,6,13,60,6,33,60,14,31,60,0,17,60
0,0,4,0,3,11,2,6,22,1,7,55,2,11,27,0,2,8,0,4,12,5,20,52,0,1,29,8,28,60,4,15,60,8,60,60
2,2,6,2,3,5,4,6,15,0,2,27,1,3,12,2,5,7,0,0,2,4,13,28,6,10,25,15,28,60,5,17,35,8,15,29
0,0,1,0,1,7,0,0,15,0,8,45,0,1,21,0,0,5,0,0,7,2,2,34,0,0,14,2,17,60,0,2,41,0,1,60
0,0,4,0,2,14,1,8,22,0,3,55,2,4,29,0,2,11,2,6,20,6,19,52,0,7,37,7,26,60,10,23,60,28,34,60
1,2,6,1,2,16,1,5,23,1,2,51,0,3,28,2,3,15,4,5,22,4,10,60,9,14,46,10,27,60,6,23,60,2,26,60
0,0,6,0,3,17,0,2,20,0,0,30,1,3,29,1,2,27,3,5,31,3,9,57,0,3,60,5,21,60,1,11,60,3,5,60
0,3,4,0,3,3,2,5,9,4,8,9,1,7,14,5,10,21,2,15,30,2,20,30,3,20,29,7,36,60,12,30,52,3,16,33
1,2,5,2,5,10,3,7,12,1,12,18,7,14,23,1,22,39,3,22,44,5,22,39,6,22,33,12,39,60,18,50,60,13,60,60
0,1,7,0,1,20,2,7,21,0,1,30,2,6,26,2,4,33,0,0,52,1,9,45,0,4,47,11,36,60,6,16,60,0,16,43
1,3,4,1,11,11,3,6,10,2,4,8,2,7,15,3,16,25,0,25,32,4,18,24,1,11,29,9,37,60,12,26,38,5,17,22
1,3,7,2,4,18,0,4,21,0,0,19,0,1,28,0,1,7,0,1,19,1,7,51,7,18,50,9,24,60,1,9,52,1,7,51
1,1,7,1,2,10,1,6,18,2,4,37,2,3,15,0,0,7,0,4,26,3,11,49,2,6,50,10,35,60,2,10,60,1,5,38
1,2,6,0,1,12,1,4,19,0,2,44,1,3,20,1,1,5,7,10,26,6,12,51,7,12,50,8,35,60,3,8,60,0,3,25
0,1,8,0,2,15,2,4,25,0,5,41,0,3,23,0,1,12,2,9,46,1,11,60,1,8,57,12,40,60,1,8,60,0,6,60
0,1,2,1,6,14,5,10,15,1,3,4,2,8,15,1,6,11,0,6,6,7,26,31,3,16,21,3,53,60,7,28,40,0,14,30
0,0,1,1,4,8,0,9,11,0,2,2,1,3,6,4,4,6,1,1,3,5,15,24,0,4,14,9,30,56,7,17,21,7,9,12
0,0,2,0,10,18,2,10,16,0,2,5,3,11,18,0,4,5,0,0,5,6,14,27,1,12,25,10,47,60,10,29,46,4,6,28
0,0,7,0,1,15,0,3,17,0,1,14,0,2,13,0,0,8,1,3,19,1,12,51,2,4,48,8,20,60,0,6,55,0,15,60
1,2,7,0,3,10,3,4,20,3,8,35,0,3,12,0,0,7,1,2,30,6,14,51,3,9,46,6,27,60,9,18,60,2,10,57
1,5,5,0,4,10,3,4,9,5,20,23,3,8,16,9,43,54,3,10,21,9,20,33,1,16,32,12,43,60,16,36,53,19,49,56
0,2,8,1,2,20,1,1,21,1,8,35,1,1,15,0,1,16,2,5,37,4,12,60,3,13,52,5,20,60,9,18,60,5,10,60
0,0,0,2,6,17,0,8,17,0,3,3,2,10,21,1,4,5,0,0,0,3,11,25,0,10,16,11,44,60,7,30,46,4,5,25
0,2,3,1,5,14,2,6,10,0,11,16,2,5,11,1,6,9,3,5,11,4,5,12,2,15,23,5,27,44,10,16,42,3,9,17
1,2,3,2,6,10,2,6,10,1,14,17,2,5,9,0,6,14,3,5,7,4,5,13,5,16,21,6,29,48,10,20,38,3,13,27
0,2,3,3,13,16,2,4,10,5,10,17,3,11,17,7,27,28,1,25,28,5,19,22,1,30,35,9,26,60,8,13,23,22,40,48
0,0,0,2,4,9,5,9,13,0,1,4,2,6,11,0,3,6,0,0,3,4,19,25,2,5,14,8,28,60,7,25,33,1,11,14
0,0,0,0,3,6,0,7,11,0,1,2,0,3,6,3,4,5,0,1,2,2,11,22,0,3,9,8,33,49,3,12,24,5,9,12
0,1,4,1,4,12,2,8,13,0,7,17,3,12,25,1,6,8,0,2,5,2,14,28,3,9,26,13,34,60,9,42,60,0,27,39
0,2,12,2,7,22,5,7,34,3,16,60,0,4,38,0,3,12,0,0,11,4,10,60,0,10,60,7,30,60,9,26,60,2,20,60
0,2,10,2,4,17,3,7,32,2,12,60,1,3,42,1,2,12,0,0,11,4,6,51,3,7,60,8,24,60,5,13,60,1,17,60
0,1,10,0,3,18,2,6,37,2,10,60,0,2,47,0,3,16,0,0,12,1,6,56,0,5,60,5,20,60,0,9,60,0,3,60
0,2,2,0,5,8,2,8,13,0,3,17,0,4,8,0,2,4,0,1,3,4,15,22,2,12,15,6,24,40,6,27,42,2,12,32
0,1,3,3,11,12,2,8,14,0,8,16,3,17,25,1,3,8,0,0,5,2,13,26,3,9,24,7,33,60,9,43,60,1,25,30
0,1,7,2,3,16,1,2,21,1,10,33,1,3,26,2,7,25,1,11,26,5,8,45,0,9,55,6,28,60,6,12,60,1,9,60
1,3,9,1,4,18,1,6,29,7,7,60,1,3,37,0,1,8,0,0,4,1,3,46,4,10,54,3,21,60,5,15,60,15,17,46
0,2,5,0,2,10,2,4,22,3,15,44,2,8,28,0,1,3,0,0,1,4,11,27,0,8,34,5,26,60,7,26,60,0,6,27
0,2,12,1,5,25,0,6,41,9,15,60,3,8,44,0,2,13,0,0,13,1,11,60,3,21,60,5,20,60,2,27,60,0,12,60
2,4,10,5,17,34,1,3,5,10,37,45,10,30,47,1,9,58,2,22,57,1,9,23,9,40,60,9,35,57,12,45,60,31,53,60
0,1,12,2,6,21,1,9,42,0,50,60,0,6,49,1,3,18,0,2,17,1,10,60,0,5,60,8,37,60,2,19,60,0,3,60
0,3,3,4,15,16,2,4,12,7,10,19,4,11,22,6,27,28,3,24,28,8,20,25,7,30,38,11,37,60,9,14,27,23,40,48
1,2,7,1,3,12,1,2,18,9,9,34,1,1,12,2,5,6,1,1,22,5,10,50,7,13,41,8,26,60,7,17,54,11,13,60
0,2,3,1,1,5,1,3,7,0,20,25,0,4,9,0,1,10,3,6,10,13,20,31,6,19,27,4,27,52,2,21,34,2,17,26
0,2,9,0,2,20,0,1,24,0,6,37,0,1,16,0,1,18,2,5,39,3,10,60,1,13,57,5,21,60,6,15,60,4,8,60
1,1,7,1,4,12,1,3,15,1,9,34,0,2,12,2,4,6,0,1,12,3,10,39,7,9,40,8,28,60,6,16,54,11,12,60
0,1,8,0,2,16,2,3,26,0,3,45,0,1,25,0,1,17,1,7,48,0,8,60,0,7,59,13,35,60,0,6,60,0,6,60
0,2,6,0,3,11,1,3,14,0,1,31,0,0,10,1,3,6,0,0,9,2,5,41,0,8,35,10,30,60,3,11,52,1,5,60
2,4,6,4,16,24,1,3,7,4,27,34,2,17,30,11,28,32,10,55,60,2,15,24,11,45,57,9,28,45,4,29,50,10,57,60
1,4,6,2,4,19,2,7,13,4,19,27,4,13,21,34,60,60,6,16,34,7,20,29,1,22,42,10,46,60,8,41,60,28,55,60
2,2,3,5,9,13,1,6,8,3,20,27,2,10,14,9,18,22,14,29,36,3,14,27,6,16,29,10,38,58,6,22,40,3,27,43
0,1,2,4,5,6,4,7,10,1,3,7,2,3,12,1,3,10,1,2,8,6,19,27,0,6,15,9,35,55,12,21,40,4,23,37
1,3,5,2,3,5,2,8,12,0,3,8,4,9,13,2,14,21,4,8,22,7,20,30,8,20,26,13,44,60,9,41,54,4,23,41
1,2,5,1,6,8,2,9,15,0,2,6,2,10,14,6,11,17,0,3,22,7,17,26,3,11,21,8,41,60,14,33,43,8,28,37
0,2,7,0,7,11,2,5,20,1,14,33,2,7,22,0,3,11,0,2,14,5,13,56,0,12,42,5,25,60,7,14,60,4,7,60
0,0,3,1,1,11,0,2,18,1,2,46,3,4,23,1,1,8,0,2,10,3,11,50,0,0,18,8,19,60,5,8,60,1,6,60
0,0,2,0,0,2,1,1,10,0,0,14,0,0,12,0,0,5,0,1,9,0,0,26,0,0,16,0,4,60,0,0,15,0,0,8
0,0,7,1,1,21,0,2,19,0,0,21,1,2,32,2,2,18,2,4,33,5,7,57,1,1,57,7,17,60,5,6,60,4,4,60
1,3,5,0,5,16,1,5,24,0,2,51,0,2,29,2,5,13,1,5,24,4,12,60,2,14,46,6,21,60,5,20,60,3,10,60
1,1,6,0,1,4,2,2,13,0,3,24,0,3,12,0,1,7,0,0,1,2,4,23,2,4,18,4,10,60,0,2,30,0,1,38
1,1,8,0,5,21,1,2,22,1,10,48,0,2,28,4,7,44,3,9,34,3,7,60,3,7,60,11,22,60,3,8,60,1,5,60
0,1,8,0,4,25,0,4,22,0,2,34,0,4,32,2,5,50,1,8,34,2,7,60,0,8,60,5,25,60,4,13,60,1,5,60
0,3,15,1,4,28,2,6,38,4,23,60,0,8,60,2,10,60,1,7,60,7,32,60,5,20,60,8,35,60,15,44,60,2,40,60
1,3,6,3,8,10,2,4,11,11,15,28,3,15,23,1,8,29,1,22,41,3,16,32,9,24,51,8,38,60,10,37,60,4,33,60
1,2,15,1,2,25,0,2,38,1,12,60,1,5,56,2,4,54,1,2,55,2,13,60,4,11,60,10,30,60,7,18,60,1,7,60
0,3,5,0,7,12,1,7,12,11,20,29,2,12,22,4,18,46,2,26,39,5,18,28,7,29,50,10,41,60,9,48,60,3,37,60
1,5,5,0,3,6,4,7,14,4,9,17,1,9,21,18,33,39,11,25,34,5,25,37,13,33,46,3,29,55,17,53,60,57,60,60
0,2,10,2,3,17,3,7,33,3,11,60,1,3,45,1,3,13,0,0,11,4,7,53,1,7,60,8,26,60,5,17,60,1,17,60
0,0,10,0,1,20,1,2,34,0,1,49,2,2,44,0,0,13,0,2,11,3,8,60,0,4,60,6,24,60,2,6,60,0,4,60
2,3,7,0,1,8,1,5,11,4,6,19,0,13,24,13,27,41,6,23,46,3,20,35,8,23,48,3,28,53,18,44,60,23,60,60
0,0,6,0,3,17,0,2,20,0,0,30,1,3,29,1,2,27,3,5,31,3,9,57,0,3,60,5,21,60,1,11,60,3,5,60
0,2,6,1,1,15,1,5,22,1,3,53,0,3,29,2,3,11,3,6,21,4,20,57,3,14,46,11,29,60,5,29,60,2,36,60
1,3,7,1,4,12,1,3,17,1,9,34,0,1,12,2,4,6,1,1,13,5,10,46,7,9,40,8,27,60,7,17,53,11,13,60
1,2,9,0,3,18,4,6,20,1,2,25,2,3,16,0,0,9,1,1,19,7,14,53,3,9,59,8,25,60,5,9,60,14,18,60
1,2,7,1,3,12,1,2,19,9,9,34,1,1,12,2,5,6,1,1,21,5,10,50,7,13,41,8,24,60,7,17,55,11,13,60
0,0,4,1,1,12,1,5,20,1,7,47,2,7,23,1,1,8,0,2,11,7,13,51,0,1,27,11,25,60,7,10,60,3,52,60
0,4,6,0,5,9,0,8,13,0,12,17,5,13,24,2,25,37,1,22,44,3,18,36,0,18,39,11,27,55,12,54,60,12,60,60
1,3,4,2,4,5,3,9,11,0,3,7,4,9,12,3,13,18,5,7,15,5,18,29,10,17,23,17,44,60,6,37,51,5,33,36
1,3,5,1,1,6,0,3,10,2,8,16,4,13,19,2,19,41,9,33,46,1,16,35,7,21,37,4,30,60,4,34,60,2,35,60
0,0,7,0,1,20,2,6,21,0,1,29,2,5,27,2,3,33,0,0,51,1,8,41,0,2,43,9,28,60,4,11,60,0,15,41
0,2,8,4,6,17,2,3,25,0,0,19,0,4,33,0,1,12,0,6,28,2,5,51,1,11,52,8,24,60,2,10,60,0,1,60
0,0,4,0,2,14,2,8,22,0,4,55,2,5,29,0,1,11,2,5,19,6,18,49,0,2,34,6,19,60,8,20,60,29,34,60
0,2,5,2,5,18,1,3,19,2,10,31,1,4,20,2,7,21,2,10,26,3,9,47,2,8,46,4,26,60,7,13,60,3,9,60
1,3,6,0,4,10,1,7,13,3,19,30,4,11,19,8,34,44,18,30,48,11,18,30,6,29,55,12,28,60,10,50,60,19,60,60
1,3,5,0,5,14,2,9,16,9,24,35,3,24,38,0,1,5,3,13,15,5,22,28,6,26,39,7,40,60,21,56,60,7,34,48
1,3,19,1,4,31,4,11,43,5,23,60,2,12,60,1,8,60,1,7,60,5,22,60,8,28,60,12,40,60,9,43,60,12,56,60
2,2,7,2,3,14,3,4,20,2,10,49,0,3,19,0,0,8,1,3,33,6,13,57,5,10,52,9,37,60,5,16,60,4,9,59
0,1,6,0,1,10,0,1,14,0,9,34,1,2,12,1,2,7,0,1,18,1,8,40,0,7,40,5,19,60,4,10,53,0,12,60
1,2,7,2,4,19,1,3,18,1,8,32,0,0,11,2,5,6,0,1,12,3,9,52,5,11,40,8,29,60,6,17,57,4,13,60
0,4,6,0,4,8,0,5,12,22,29,34,1,9,21,4,23,27,0,19,30,3,16,41,2,41,58,19,50,60,9,40,60,8,42,60
1,2,7,3,5,19,4,5,20,0,1,16,1,3,17,0,0,9,1,2,19,9,15,55,5,11,52,9,34,60,4,10,60,3,17,60
1,3,7,3,7,12,4,5,23,9,25,35,6,11,24,3,4,11,1,2,13,4,16,58,6,11,43,5,24,60,7,20,60,7,60,60
1,2,6,0,2,15,1,4,24,1,2,50,0,2,29,1,3,17,2,5,24,2,10,60,7,15,46,9,27,60,3,21,60,2,25,60
0,0,5,1,3,9,1,5,17,9,19,35,3,14,26,1,1,3,0,0,2,6,11,25,0,3,34,7,24,60,10,22,50,0,6,26
0,4,5,0,4,10,1,7,9,2,11,28,3,12,18,3,30,45,1,31,55,9,22,41,8,32,49,9,33,53,10,42,60,27,60,60
0,2,6,1,1,4,3,13,17,7,41,60,4,20,35,1,4,4,1,11,20,3,14,31,6,21,36,20,56,60,14,60,60,6,23,37
1,4,6,0,4,10,2,9,13,3,8,18,1,11,24,18,32,43,19,27,42,6,25,37,9,29,51,3,31,53,17,53,60,42,60,60
1,2,7,0,0,11,1,5,19,1,21,31,1,5,17,0,1,11,1,2,9,2,12,54,4,11,33,17,33,60,3,11,60,0,2,60
1,2,6,3,5,17,1,3,19,9,10,43,0,6,22,2,5,14,7,8,24,1,7,46,9,14,46,5,28,60,4,23,60,1,30,60
1,3,6,2,3,7,1,6,15,1,1,31,0,3,16,3,5,10,0,0,3,5,11,32,8,11,28,7,34,60,8,14,39,6,15,60
2,2,6,4,7,10,2,7,22,0,12,34,2,9,26,2,4,12,0,2,13,5,16,60,3,9,44,5,21,60,5,22,60,6,38,60
1,2,5,1,3,5,4,7,14,0,3,27,1,4,11,2,5,7,0,0,2,5,13,26,0,8,23,12,37,60,9,19,31,8,23,32
0,1,8,0,4,24,1,4,22,0,2,35,1,4,32,2,7,48,1,10,33,2,7,60,0,6,60,6,27,60,4,11,60,1,5,60
1,2,4,0,1,9,2,7,11,4,8,11,2,8,19,6,11,14,1,13,24,5,20,34,2,13,24,8,31,60,9,35,60,5,33,51
0,3,6,0,5,7,0,9,14,3,12,16,1,16,24,11,28,41,3,31,46,5,19,37,4,21,40,10,26,55,16,58,60,15,60,60
0,0,2,1,5,5,3,4,6,0,1,3,1,2,4,0,1,5,1,2,10,1,12,24,0,4,12,6,29,53,7,13,21,3,6,23
0,3,5,2,9,9,2,5,7,14,25,28,3,10,14,1,17,24,2,17,27,5,21,41,4,23,35,10,32,60,10,36,48,23,28,60
1,3,4,1,4,5,2,10,13,0,1,5,4,7,12,2,14,15,3,8,9,6,20,24,7,15,18,17,42,60,13,31,47,18,28,34
1,4,5,2,3,13,2,8,10,1,5,8,4,10,14,5,15,29,0,25,38,5,23,26,3,24,31,10,39,60,12,37,52,8,20,26
1,4,5,1,3,13,3,9,10,1,6,8,4,9,14,4,17,30,0,24,36,5,24,28,3,25,30,10,38,60,9,36,52,8,20,37
1,2,15,0,3,28,0,4,34,3,20,60,1,4,59,2,7,60,1,4,60,7,21,60,5,12,60,7,35,60,11,28,60,1,25,60
1,3,6,1,11,13,3,7,9,1,5,9,2,9,17,3,17,27,0,26,38,4,19,25,2,17,31,9,41,60,12,30,39,7,18,24
1,2,5,3,5,11,3,8,11,2,10,38,6,17,23,4,13,35,12,19,41,4,23,39,5,18,42,10,52,60,14,50,60,15,56,60
1,2,2,1,3,3,0,3,3,0,20,25,2,4,9,2,5,9,1,11,21,3,10,24,12,17,26,4,29,52,5,16,30,0,24,33
1,3,5,1,2,6,2,5,9,2,28,33,5,10,13,5,23,60,2,11,26,6,24,43,12,35,48,12,48,60,10,38,60,7,34,60
1,2,5,6,12,17,5,9,13,1,6,21,5,12,18,4,10,17,2,12,26,0,10,27,7,13,27,4,21,46,8,28,48,4,18,38
1,2,5,6,12,16,4,9,14,1,5,22,4,12,18,3,10,16,1,11,24,0,10,28,5,14,30,5,21,47,7,29,47,4,17,38
1,2,7,1,2,11,1,4,19,5,16,33,1,2,12,0,1,8,2,4,31,6,13,58,5,12,43,8,23,60,9,21,60,6,11,60
0,0,12,1,1,23,1,1,29,1,13,34,2,4,20,0,0,16,1,2,38,2,3,60,0,2,60,5,21,60,3,5,60,14,22,60
0,0,12,1,1,23,1,1,29,1,13,34,2,4,20,0,0,16,1,2,38,2,3,60,0,2,60,5,21,60,3,5,60,14,22,60
2,5,9,7,19,31,0,6,10,2,16,32,6,16,33,30,60,60,17,47,60,2,17,29,6,28,60,10,38,60,13,37,60,8,49,60
1,1,6,1,3,11,1,1,11,0,1,26,0,0,10,0,2,6,0,0,8,2,3,38,2,4,34,7,26,60,4,5,49,1,2,56
1,1,6,1,3,11,1,1,11,0,1,26,0,0,10,0,2,6,0,0,8,2,3,38,2,4,34,7,26,60,4,5,49,1,2,56
1,1,6,1,3,11,1,1,11,0,1,26,0,0,10,0,2,6,0,0,8,2,3,38,2,4,34,7,26,60,4,5,49,1,2,56
0,0,12,1,1,25,1,1,31,3,13,34,3,4,22,0,0,16,1,2,38,2,3,60,0,2,60,6,20,60,4,7,60,4,23,60
0,0,9,0,3,18,2,3,28,2,2,35,0,1,20,0,0,24,0,7,36,0,7,60,1,3,60,3,22,60,1,5,60,3,5,60
0,1,1,1,2,4,1,3,5,0,0,3,0,2,3,0,3,8,5,17,20,2,12,20,0,9,14,9,29,59,2,9,19,0,5,25
0,0,1,2,3,7,3,9,12,0,2,2,2,4,6,3,4,6,0,1,3,7,15,24,0,3,13,10,28,56,10,20,23,8,10,11
0,0,2,0,10,19,3,11,15,0,2,7,3,11,19,1,3,8,0,0,6,7,16,29,1,12,27,9,50,60,9,29,42,3,9,23
0,0,0,0,3,3,0,5,10,0,0,2,0,2,4,0,3,4,0,0,1,2,9,16,0,2,3,6,21,45,3,12,15,0,8,8
0,0,9,0,2,18,2,6,35,0,5,50,1,8,39,0,1,10,0,0,7,4,13,60,0,4,57,12,31,60,7,18,60,3,5,60
0,2,8,2,4,19,2,8,33,6,12,60,2,3,35,1,2,11,0,0,9,3,8,52,2,7,58,4,26,60,3,17,60,1,19,60
0,2,7,1,2,10,1,3,23,0,1,49,1,2,29,0,0,10,0,0,3,1,1,34,2,5,36,8,23,60,3,10,60,0,1,52
1,2,11,4,4,23,3,9,42,2,10,60,1,5,38,0,2,13,0,2,17,5,12,60,9,17,60,8,25,60,17,29,60,10,30,60
1,2,11,4,5,21,4,8,41,4,14,60,4,5,39,0,2,12,0,1,15,5,10,60,10,20,60,7,22,60,16,33,60,9,33,60
0,0,3,0,1,5,0,2,9,0,3,19,1,9,16,0,0,1,0,0,2,0,2,16,1,2,24,10,19,60,0,1,32,0,1,8
0,0,3,0,1,5,0,2,10,0,7,19,4,9,16,0,0,1,0,0,2,1,2,17,1,1,24,11,20,60,0,4,38,0,1,8
1,1,2,1,3,6,3,4,8,10,16,60,4,5,7,0,3,4,1,2,5,4,7,16,2,8,15,12,34,54,5,12,29,1,1,5
1,2,10,4,6,22,3,9,37,3,14,60,2,6,40,0,2,12,0,1,12,5,11,60,9,15,59,9,28,60,20,33,60,5,13,60
0,2,10,3,3,17,4,7,33,2,11,60,1,2,43,1,3,11,0,0,9,5,8,55,0,7,60,10,28,60,5,18,60,1,17,60
2,4,6,9,12,18,4,12,14,2,20,25,4,14,21,4,39,60,2,17,44,2,17,26,10,16,26,7,35,50,11,40,60,8,47,59
0,0,1,2,5,16,0,9,16,0,2,3,1,12,19,0,4,5,0,0,0,2,10,28,0,8,14,12,36,60,6,29,44,4,5,24
1,1,1,4,9,10,3,8,14,0,3,11,2,6,13,3,10,16,4,6,7,6,23,32,9,15,21,18,38,60,3,20,31,10,24,43
0,2,11,0,0,13,1,1,33,0,2,60,0,1,41,0,0,18,0,0,13,0,1,58,0,6,60,4,22,60,0,4,60,0,3,60
0,2,12,0,0,15,1,1,33,0,2,60,0,1,41,0,0,18,0,0,13,0,1,58,0,6,60,4,23,60,0,4,60,0,3,60
1,1,6,1,2,9,1,5,18,2,4,37,2,3,15,0,0,5,0,4,26,2,11,45,0,6,47,10,32,60,2,10,60,0,5,36
1,2,7,2,3,12,4,6,19,1,10,48,2,4,19,0,0,8,0,4,33,3,11,57,2,10,56,9,39,60,4,13,60,4,6,58
0,3,3,4,15,16,2,4,12,7,10,19,4,11,22,6,27,28,3,24,28,8,20,25,7,30,38,11,37,60,9,14,27,23,40,48
0,2,5,2,11,16,1,3,6,5,11,24,3,10,17,14,26,29,16,24,28,7,15,19,1,27,38,7,24,41,4,13,26,19,40,59
0,1,2,1,6,19,5,13,15,1,3,6,2,9,15,1,7,13,0,6,6,6,24,33,4,16,22,4,54,60,8,29,42,1,23,30
1,3,5,1,3,6,2,5,10,4,30,44,3,8,15,12,33,60,3,9,43,3,19,32,14,33,50,16,51,60,10,44,60,7,35,60
0,1,8,4,6,18,2,3,26,0,0,18,1,2,31,0,0,15,0,3,28,2,5,51,1,9,51,8,25,60,3,9,60,0,1,60
1,3,6,0,3,14,0,3,16,0,1,23,2,5,22,1,3,5,0,5,14,4,6,41,2,17,44,10,30,60,7,13,39,2,4,14
1,3,6,2,6,8,3,7,12,7,32,41,5,17,21,8,28,41,8,33,42,6,20,36,10,26,50,7,56,60,13,52,60,13,53,60
1,4,5,0,3,8,0,5,13,0,8,17,4,14,23,1,25,38,2,19,42,3,16,35,0,16,38,7,27,53,12,54,60,11,60,60
1,4,4,1,10,11,3,8,10,2,9,32,6,18,20,1,10,17,8,16,22,6,22,34,8,26,35,18,51,60,10,35,60,17,53,60
1,3,5,1,10,13,1,8,10,1,5,9,2,10,18,4,19,29,1,27,41,4,19,27,4,19,35,10,39,60,10,30,47,8,18,25
1,3,6,2,3,11,1,6,15,1,1,31,0,3,17,3,5,10,0,0,3,5,11,34,6,11,29,6,37,60,8,15,39,5,14,60
0,0,6,0,4,12,0,3,21,0,16,49,1,8,24,0,3,11,0,1,13,2,13,58,0,4,36,5,21,60,0,11,60,28,57,60
2,3,6,2,3,11,0,5,15,1,2,31,0,3,17,3,5,10,0,0,3,5,11,36,9,11,29,8,38,60,6,14,41,3,12,60
0,0,6,0,3,17,0,2,20,0,0,30,1,3,29,1,2,27,3,5,31,3,9,57,0,3,60,5,21,60,1,11,60,3,5,60
0,0,5,0,1,8,0,2,16,1,1,37,0,1,18,0,0,11,0,0,3,0,2,39,0,1,26,7,23,60,2,9,47,3,12,60
0,0,2,0,6,15,3,10,15,1,2,5,2,9,15,1,3,11,0,0,6,8,17,28,2,12,22,10,50,60,9,26,41,0,11,18
1,3,7,3,4,5,2,8,12,5,21,42,2,9,18,4,14,38,2,7,28,13,31,44,11,25,48,6,35,58,13,44,60,5,60,60
1,4,17,1,3,25,2,9,40,12,40,60,4,15,60,2,7,60,3,5,60,9,27,60,4,26,60,11,35,60,18,46,60,8,20,60
1,4,7,3,7,12,3,4,10,11,18,37,6,14,24,1,6,31,2,18,34,3,17,29,8,25,45,10,39,60,11,41,60,5,22,60
2,3,5,0,10,14,1,10,15,4,23,34,4,25,36,0,2,5,3,11,15,6,21,25,8,25,40,6,39,60,18,54,60,19,30,48
2,2,6,4,7,10,2,7,22,0,12,34,1,9,27,4,4,12,1,1,13,6,16,57,5,9,44,4,22,60,8,22,60,5,50,60
0,0,5,0,4,10,2,6,21,2,8,49,2,8,23,0,4,9,0,4,13,5,17,52,1,2,31,8,25,60,3,13,60,9,60,60
1,4,6,2,4,19,2,7,13,4,19,27,4,13,21,34,60,60,6,16,34,7,20,29,1,22,42,10,46,60,8,41,60,28,55,60
1,2,8,0,1,18,2,3,23,0,11,60,2,3,26,0,1,11,3,10,40,7,11,60,3,11,60,9,27,60,5,12,60,2,5,60
0,2,8,2,4,21,1,3,20,0,16,32,0,3,13,0,4,6,0,1,21,2,7,57,2,11,46,3,24,60,5,13,60,0,31,60
0,1,5,0,1,5,2,3,13,1,1,26,0,2,10,0,2,7,0,0,2,1,5,27,1,1,22,10,27,60,4,12,29,8,15,50
0,2,5,2,5,19,1,3,17,2,10,35,1,6,20,3,7,21,2,10,26,3,8,45,2,10,46,3,25,60,7,16,60,3,27,60
1,3,15,1,4,26,0,5,36,3,33,60,1,9,60,3,9,60,2,7,60,9,29,60,6,19,60,9,30,60,15,42,60,4,35,60
0,0,2,1,4,5,3,4,5,0,1,3,1,2,4,0,1,6,1,2,10,1,12,24,1,4,10,7,30,49,7,15,21,4,6,23
1,3,4,1,4,5,3,8,13,0,1,2,2,7,12,4,13,15,3,7,9,4,18,24,9,15,20,13,42,60,12,28,48,17,26,32
1,2,3,5,10,12,0,6,7,2,20,24,0,9,14,2,16,18,7,25,35,2,13,19,3,13,21,8,39,56,2,21,34,2,25,36
1,3,5,1,4,8,0,3,9,2,25,30,1,9,16,2,8,12,3,18,22,4,14,33,10,28,39,11,41,60,9,25,45,9,33,45
0,1,1,1,4,5,2,5,7,0,4,7,1,3,4,0,6,9,1,7,18,6,17,33,3,6,7,8,36,53,4,22,34,5,19,31
0,0,11,0,0,15,0,1,15,0,2,31,0,2,22,0,0,28,0,0,36,0,3,44,0,0,52,5,11,60,0,4,60,0,0,58
1,2,5,1,6,13,2,8,13,2,4,7,2,9,14,5,12,22,0,4,32,8,18,26,2,11,28,10,42,60,12,30,45,7,17,34
0,0,0,0,1,9,0,2,12,0,1,7,0,1,11,0,1,3,0,0,8,4,7,45,5,5,19,2,8,60,0,3,32,15,16,28
1,4,7,0,5,9,0,9,13,3,9,19,2,13,25,16,32,44,15,31,41,6,23,37,8,26,49,6,30,58,15,53,60,29,60,60
1,3,8,2,5,5,4,10,12,2,14,29,3,7,21,3,29,39,1,18,31,9,30,46,10,33,53,9,31,55,5,53,60,31,60,60
1,3,5,1,2,4,4,12,16,11,43,60,5,16,32,3,4,5,1,9,18,3,14,27,8,17,35,24,49,60,21,60,60,7,20,42
1,4,6,2,6,9,3,5,9,8,33,47,4,13,21,8,24,43,7,27,51,6,19,35,9,27,56,13,48,60,14,45,60,12,49,60
1,1,2,1,3,6,3,4,9,8,15,60,3,5,7,0,3,4,1,2,5,4,8,16,3,8,17,12,36,55,5,14,30,1,2,6
1,2,11,4,5,24,3,7,40,1,14,60,2,6,38,0,2,13,0,1,14,4,8,60,9,20,60,6,19,60,11,32,60,9,34,60
1,5,7,1,5,9,1,10,13,2,13,23,3,10,21,5,29,39,3,23,36,3,19,43,12,35,55,8,34,60,13,42,60,31,60,60
0,3,20,0,3,35,2,12,44,4,26,60,3,17,60,0,3,60,1,13,60,3,15,60,3,27,60,17,45,60,2,43,60,6,22,60
0,0,8,0,4,18,1,3,23,0,0,31,1,3,33,1,2,30,4,4,33,4,8,57,0,3,60,6,21,60,2,9,60,3,4,60
0,2,9,0,4,27,1,3,23,0,4,45,0,3,35,4,5,57,1,6,34,3,5,60,0,10,60,11,29,60,1,13,60,2,3,60
1,2,7,3,7,12,4,5,22,9,25,35,5,10,24,2,3,13,1,2,13,4,16,58,6,10,43,5,23,60,7,17,60,7,60,60
0,2,5,0,2,14,2,6,23,1,1,48,0,3,32,1,2,15,0,4,23,3,11,52,5,19,39,11,36,60,7,31,60,2,35,60
0,0,6,2,2,17,0,1,17,0,2,15,2,6,20,1,4,13,0,4,25,2,8,47,0,4,41,7,23,60,1,13,60,2,28,60
1,1,8,0,5,17,1,2,21,9,10,55,0,2,28,3,7,29,5,9,32,3,7,59,5,7,58,9,23,60,4,8,60,1,6,60
1,4,4,2,5,8,3,6,11,4,15,42,4,15,22,5,33,45,8,38,44,8,24,35,7,26,43,5,48,60,11,50,60,11,60,60
0,4,5,1,3,5,3,6,11,2,4,10,2,8,11,1,17,23,3,13,29,6,18,34,2,22,30,10,45,60,10,36,55,3,22,30
0,0,2,1,5,6,3,5,9,1,1,4,2,2,8,1,1,8,1,1,6,5,15,25,0,6,15,7,31,56,11,18,38,3,17,27
1,3,8,1,4,24,3,7,24,1,1,17,2,7,27,0,8,35,1,6,60,4,14,60,3,17,51,8,46,60,6,24,60,13,23,55
1,3,5,1,7,8,1,7,13,5,33,33,3,15,24,5,18,28,11,23,27,4,18,31,9,29,53,19,53,60,8,45,60,19,44,60
1,3,6,2,4,8,3,5,10,6,23,46,3,11,19,7,26,46,5,27,50,6,23,27,9,35,54,9,46,60,12,50,60,8,44,60
1,1,2,0,4,6,1,3,7,1,13,15,1,2,7,0,7,13,0,6,9,1,6,13,4,11,15,8,35,59,2,16,35,0,8,22
0,2,4,2,12,15,1,3,4,2,10,27,2,9,19,14,23,30,15,22,47,2,10,23,2,23,39,3,22,39,1,14,32,16,39,60
2,5,6,4,15,23,2,12,14,6,21,27,4,21,25,4,55,60,2,33,56,1,21,34,5,19,35,10,36,53,12,44,60,11,51,60
1,2,3,4,11,17,1,5,10,6,10,14,2,10,21,6,25,29,5,23,28,10,21,29,7,28,35,12,39,60,9,14,25,30,38,42
0,0,1,2,4,7,4,9,12,0,2,2,2,5,6,2,5,7,0,1,4,7,18,25,0,8,16,10,30,59,10,20,28,7,10,13
0,1,5,0,0,6,0,2,14,0,2,43,0,3,16,0,1,3,0,7,17,2,7,32,0,7,37,6,23,60,0,4,51,0,0,19
0,5,8,7,20,24,0,3,8,2,16,46,4,17,31,45,60,60,14,45,60,3,13,25,6,37,57,13,33,60,8,50,60,10,50,60
0,0,9,0,3,18,2,3,28,2,2,35,0,1,20,0,0,24,0,7,36,0,8,60,1,3,60,3,23,60,1,5,60,3,5,60
0,0,13,1,1,23,1,1,29,1,13,34,2,4,20,0,0,16,1,2,38,2,3,60,0,2,60,5,21,60,3,5,60,14,22,60
0,1,6,0,1,11,0,2,13,0,9,34,0,2,11,1,3,6,0,1,10,2,7,34,0,7,34,7,23,60,2,11,51,0,12,60
1,3,4,1,9,19,2,4,8,8,22,32,0,14,26,1,55,60,9,14,34,3,13,25,5,30,46,15,42,60,8,46,60,6,29,51
1,1,11,1,1,21,2,2,28,1,11,60,1,5,38,0,0,49,0,2,49,2,9,60,3,4,60,5,21,60,4,10,60,1,3,60
1,3,5,1,3,10,1,7,11,3,21,30,3,11,19,7,24,44,8,34,44,8,18,29,5,34,53,12,38,60,12,49,60,4,60,60
1,2,5,0,2,6,3,4,8,2,17,21,4,10,11,2,39,56,0,13,17,8,28,34,5,19,32,8,41,60,8,31,49,7,36,53
2,5,6,5,16,25,1,3,7,6,28,37,4,15,32,15,27,33,20,48,60,3,15,26,14,48,59,9,29,39,3,29,50,8,60,60
1,1,9,0,4,19,0,10,30,6,12,60,1,4,38,0,2,9,0,0,7,0,6,50,4,7,55,3,17,60,6,16,60,1,18,60
1,1,10,1,4,21,4,6,43,0,15,60,2,4,48,1,2,21,1,2,16,6,10,60,2,4,60,11,41,60,4,23,60,1,3,60
0,1,12,1,5,20,1,11,40,2,8,60,0,3,46,1,3,15,0,2,14,4,12,60,0,3,60,13,36,60,4,24,60,1,5,60
1,2,4,0,3,4,4,8,17,6,21,44,3,14,27,2,3,7,2,8,9,3,14,26,5,13,26,15,47,60,15,60,60,4,19,44
0,2,11,2,4,17,3,7,32,6,11,60,2,3,41,1,1,11,0,0,7,4,7,51,7,7,60,4,26,60,4,14,60,14,17,60
1,1,12,2,3,23,3,6,46,8,55,60,3,7,53,1,3,24,1,3,19,4,8,60,2,9,60,12,38,60,8,9,60,1,1,60
0,1,10,0,3,21,3,8,34,2,16,60,0,5,35,0,2,13,0,0,9,2,9,58,0,7,60,6,28,60,4,27,60,2,20,60
1,3,5,1,15,23,1,6,15,3,13,19,6,21,36,0,12,26,0,9,27,2,22,30,6,38,51,26,47,60,3,25,44,3,19,60
1,2,10,1,9,24,2,12,39,3,5,60,0,4,46,2,3,14,1,1,15,4,17,60,2,13,60,14,36,60,10,33,60,2,8,60
0,0,10,0,2,19,3,6,36,0,3,50,4,7,42,0,1,10,0,0,7,4,9,60,1,5,59,18,32,60,8,17,60,2,5,60
0,2,5,0,3,10,2,4,22,5,16,40,2,12,28,0,1,3,0,0,1,4,10,27,0,9,33,5,21,60,7,22,54,0,5,27
0,0,3,0,1,5,1,2,10,0,7,19,2,10,16,0,0,1,0,0,2,1,2,15,1,1,24,12,18,60,0,3,37,0,1,8
0,1,4,0,3,6,0,8,14,2,18,33,1,10,19,1,5,9,1,5,7,2,17,30,1,8,24,7,48,60,11,55,60,1,21,32
1,1,2,1,3,6,3,4,9,8,14,60,3,5,7,0,2,4,1,2,5,4,7,17,2,8,17,12,33,56,4,15,30,1,2,6
0,2,3,1,5,15,1,8,12,0,5,14,0,6,13,1,5,9,3,3,12,2,7,17,1,13,27,7,26,39,6,15,34,3,9,16
0,1,1,2,7,9,3,6,9,1,2,3,2,4,5,1,10,11,1,6,6,6,12,20,2,10,15,17,37,53,2,11,23,1,19,24
1,6,6,2,4,18,0,6,13,3,13,27,2,12,23,41,60,60,8,26,36,5,21,28,2,24,45,8,45,60,12,39,60,18,56,60
1,2,7,3,4,13,2,3,17,1,9,34,0,1,12,2,5,6,1,1,13,6,10,49,9,11,39,8,30,60,7,17,56,12,12,60
1,3,8,2,5,18,1,6,22,0,0,20,1,1,28,0,0,10,0,1,22,5,15,55,4,15,55,9,31,60,2,12,60,2,5,60
1,3,6,0,3,15,3,5,10,11,20,24,3,8,14,7,37,52,2,8,15,6,17,31,3,18,31,10,45,60,13,34,51,17,40,59
1,2,8,0,1,16,1,1,26,0,15,34,0,2,17,1,2,13,1,5,35,4,11,60,5,12,51,8,20,60,9,17,60,3,10,60
0,0,12,1,1,23,1,1,30,2,13,33,3,4,19,0,2,12,1,2,38,1,3,60,0,1,60,6,19,60,3,7,60,18,23,60
1,2,7,0,2,15,1,1,20,0,14,34,1,2,14,1,2,7,1,5,31,6,12,56,4,14,43,11,22,60,8,22,60,5,8,60
0,2,3,0,2,4,1,1,4,0,19,22,0,5,6,0,3,4,4,8,9,7,16,24,2,18,30,2,16,45,3,15,26,0,9,21
0,2,6,1,13,17,2,11,13,0,3,4,5,13,20,2,8,20,4,14,30,2,17,31,0,16,27,2,25,40,3,20,34,1,24,34
2,3,6,9,12,16,5,10,14,2,20,22,4,13,21,4,21,48,1,14,36,3,13,25,10,15,26,7,33,51,13,37,58,6,37,54
2,3,6,9,12,16,5,10,14,2,20,22,4,13,21,4,21,48,1,14,36,3,13,25,10,15,26,7,33,51,13,37,58,6,37,54
1,5,6,2,12,15,3,12,14,7,22,23,4,13,21,5,43,59,1,13,39,4,18,28,7,20,24,10,37,60,17,39,60,8,47,59
0,1,3,1,1,3,1,3,4,0,1,23,0,4,10,0,1,7,3,6,10,12,19,25,4,16,28,4,23,46,2,15,28,1,14,20
0,2,7,1,4,18,0,2,21,0,20,34,0,5,14,1,3,6,1,2,23,4,9,57,3,13,46,5,23,60,6,17,60,10,30,60
0,2,4,0,4,5,3,5,8,2,19,21,4,8,11,4,29,47,0,10,15,8,26,33,3,14,28,11,39,60,9,29,42,8,32,50
1,2,14,1,3,26,0,4,34,4,23,60,1,4,59,2,8,60,2,6,60,8,23,60,7,17,60,11,34,60,14,35,60,1,28,60
1,2,9,0,3,20,3,9,24,0,3,20,2,9,30,4,10,39,0,3,58,7,17,60,4,9,52,12,47,60,11,28,60,4,25,60
0,0,2,0,1,4,0,3,6,11,21,22,0,12,17,0,0,3,0,0,7,1,2,13,1,1,16,7,16,60,0,1,16,0,0,3
0,0,10,0,1,18,0,2,21,2,7,49,2,3,31,0,2,38,0,0,39,2,4,60,0,1,60,5,15,60,1,6,60,0,10,60
1,3,4,1,11,11,3,6,10,2,4,8,2,7,16,3,16,25,0,25,32,4,18,24,1,11,29,9,37,60,12,26,38,5,17,22
0,4,17,3,4,29,1,8,41,5,22,60,1,10,60,5,9,60,2,8,60,12,34,60,4,27,60,11,32,60,13,51,60,4,48,60
1,3,7,1,3,11,1,8,14,1,13,28,3,9,18,13,33,40,17,29,32,8,18,38,8,33,51,10,27,55,12,52,60,48,60,60
1,3,7,1,2,10,2,8,15,1,11,28,2,10,20,13,30,42,16,30,32,7,20,40,7,33,50,8,28,56,13,50,60,47,60,60
1,4,5,3,6,9,2,5,11,7,13,29,3,14,24,1,8,24,0,23,40,4,17,34,8,26,41,7,42,60,9,37,60,5,42,60
1,4,6,4,5,8,2,7,14,1,16,36,4,17,28,0,4,10,3,12,30,3,18,29,7,26,47,9,40,60,5,37,60,5,31,60
0,1,5,0,1,14,1,9,23,1,8,41,2,8,26,0,2,10,2,8,14,9,25,53,0,5,37,7,28,60,6,25,60,2,58,60
0,1,10,0,2,20,1,2,21,9,12,32,1,3,14,0,2,9,0,1,31,0,5,60,0,4,60,5,20,60,0,8,60,3,20,60
0,2,3,1,9,15,1,8,10,1,10,17,1,5,11,1,6,11,3,5,13,4,6,15,4,14,28,5,25,43,8,17,40,4,9,16
1,4,7,5,13,28,1,6,9,9,26,34,7,18,33,14,27,32,17,30,46,8,14,23,16,40,60,5,45,60,5,24,39,11,50,60
0,0,0,1,2,4,1,5,7,0,0,1,1,1,5,0,3,4,0,0,1,5,8,16,0,2,4,7,27,44,1,10,19,0,6,8
0,2,15,1,1,24,1,2,38,0,22,60,1,7,60,2,5,54,1,3,54,3,14,60,1,10,60,12,28,60,7,18,60,2,6,60
0,4,5,0,3,4,3,5,11,2,8,10,2,11,15,2,11,30,1,21,31,4,16,32,4,19,34,7,33,60,11,30,53,3,17,38
0,1,3,4,6,9,0,10,10,1,3,7,2,9,15,1,4,11,0,5,16,5,20,31,0,14,21,12,30,60,11,33,47,8,38,49
1,4,5,1,3,8,3,7,10,1,4,8,2,9,14,2,16,26,0,18,29,6,20,30,5,24,28,13,39,60,10,41,54,8,20,41
1,2,4,0,6,9,3,5,14,3,8,11,4,14,19,2,11,19,2,9,24,5,26,35,3,8,22,7,35,60,12,46,60,23,36,60
0,4,4,3,6,8,4,7,10,4,15,47,4,15,22,7,33,46,5,39,44,6,24,34,6,27,48,6,45,60,13,49,60,10,60,60
1,2,5,1,2,3,3,13,15,14,23,48,4,17,25,2,3,4,3,6,17,3,16,25,8,15,32,20,51,60,15,60,60,9,32,44
0,0,5,0,4,9,1,2,20,1,11,49,1,7,24,0,1,10,0,0,13,3,14,55,0,1,34,8,24,60,2,10,60,8,58,60
0,1,6,0,5,15,0,3,20,0,3,23,3,5,22,1,3,15,0,4,23,0,5,51,1,13,46,7,19,60,2,20,60,23,28,60
0,0,3,0,1,12,1,6,21,2,5,55,3,7,24,1,2,8,2,5,11,4,14,46,0,0,26,7,18,60,3,16,60,0,6,60
1,2,4,1,4,4,1,7,12,0,1,4,1,7,7,3,6,16,3,11,17,3,15,26,8,13,21,10,41,60,6,20,38,5,23,30
1,2,4,2,4,4,1,7,12,0,0,4,1,6,7,3,6,16,3,11,17,3,15,26,8,13,21,10,41,60,6,19,37,5,23,30
0,2,7,0,7,12,2,5,20,1,19,33,2,7,22,0,3,11,0,2,13,7,14,57,0,12,42,7,25,60,7,14,60,4,11,60
0,1,1,1,4,8,2,5,6,1,1,2,1,3,4,0,6,11,0,2,7,1,10,19,1,2,11,16,33,54,1,9,16,1,12,21
0,3,6,0,5,15,1,7,9,13,20,24,2,8,15,6,34,48,3,8,16,6,16,23,5,16,27,9,45,60,12,38,49,18,38,52
1,2,7,1,3,13,1,2,12,0,1,29,0,0,10,2,2,6,0,0,8,1,3,41,2,6,41,12,27,60,3,6,53,2,3,60
0,2,5,0,3,16,1,3,23,1,2,39,2,5,26,0,3,16,0,5,26,0,9,55,4,21,42,5,29,60,12,24,60,22,30,60
0,0,7,0,3,12,0,2,21,0,24,49,1,7,23,0,2,13,0,1,13,2,9,60,0,5,37,5,20,60,0,7,60,26,56,60
0,2,17,0,1,25,2,5,42,20,60,60,4,16,60,1,7,60,0,5,60,4,16,60,2,13,60,3,35,60,3,35,60,3,13,60
0,2,8,1,3,17,1,4,27,1,7,45,0,4,31,0,0,7,0,0,1,1,4,39,0,14,46,3,22,60,3,17,60,1,19,41
0,1,8,0,1,12,1,1,30,0,0,60,1,1,35,0,0,14,0,0,9,0,2,52,0,7,48,2,22,60,3,5,60,0,2,60
1,3,6,0,3,5,2,5,9,2,11,15,1,10,24,14,28,48,3,22,60,6,23,40,6,31,47,6,26,57,17,45,60,40,60,60
1,4,7,1,4,6,4,9,13,2,12,26,3,8,16,5,32,37,2,25,32,6,29,47,10,35,50,7,32,58,13,43,60,38,60,60
1,4,6,0,5,9,0,9,12,3,10,19,1,16,25,16,32,46,12,31,46,8,20,38,8,28,44,5,27,56,16,55,60,25,60,60
1,3,20,0,5,36,2,12,45,5,28,60,4,19,60,0,2,60,1,13,60,2,14,60,5,27,60,16,46,60,3,41,60,3,24,60
0,5,7,4,21,31,3,7,10,1,19,26,4,19,30,5,12,60,18,52,60,11,14,19,4,33,51,6,29,48,8,30,60,16,35,60
0,1,5,1,1,13,2,4,12,0,4,22,1,15,22,1,2,4,0,0,12,3,6,25,2,4,39,9,26,60,3,8,29,0,2,9
1,1,4,0,4,9,1,6,10,4,8,10,1,7,15,6,8,14,0,9,16,8,22,32,3,9,22,8,32,60,11,37,60,7,32,44
1,3,7,0,7,12,3,5,18,1,14,34,2,7,22,0,3,11,0,2,15,4,16,57,2,13,43,6,21,60,7,16,60,6,13,60
0,2,5,0,3,17,1,3,23,0,3,37,2,5,27,0,5,16,0,5,26,0,9,53,7,21,41,5,34,60,14,25,60,22,31,60
0,0,5,0,3,10,3,6,21,4,7,53,2,10,25,0,5,8,0,5,13,4,21,52,1,4,33,6,28,60,3,21,60,27,60,60
2,2,6,4,6,16,2,7,23,0,2,35,1,4,26,0,5,14,0,4,17,4,14,60,2,7,45,5,20,60,6,20,60,6,13,60
0,0,5,0,4,10,1,3,20,2,12,50,2,8,24,0,3,10,0,3,13,3,14,54,0,3,33,8,25,60,2,14,60,22,60,60
2,2,6,4,7,16,1,7,23,0,4,35,1,5,26,0,5,13,0,3,16,4,14,60,3,7,45,5,20,60,6,20,60,7,13,60
0,4,7,1,14,24,1,4,7,2,16,40,0,14,30,40,60,60,1,29,49,2,13,23,3,28,56,10,41,60,8,45,60,8,33,60
0,2,7,1,3,19,1,5,19,0,1,15,0,3,14,0,0,9,1,3,19,10,15,52,2,9,51,10,30,60,4,11,58,2,17,60
0,0,1,2,4,8,6,10,12,1,2,2,2,6,9,1,5,8,0,2,6,5,21,31,0,8,17,7,31,60,10,21,31,7,9,23
0,0,1,2,5,17,0,10,17,0,2,4,1,12,20,1,4,5,0,0,0,2,10,27,0,8,15,11,41,60,6,29,46,4,5,24
2,4,6,9,12,15,5,9,15,1,21,23,4,14,20,4,21,46,0,13,33,2,14,25,10,17,25,7,33,52,13,36,56,6,38,53
1,2,5,6,12,17,5,9,13,1,6,21,5,12,18,4,10,17,2,12,26,0,10,27,7,13,27,4,21,46,8,28,48,4,18,38
0,0,2,0,5,19,3,11,15,0,2,6,2,12,17,1,3,10,0,0,6,7,15,29,1,13,27,9,52,60,10,26,43,0,11,19
2,5,7,7,19,25,0,2,7,9,36,46,7,29,43,1,48,60,3,40,59,3,9,23,12,36,60,5,35,60,16,52,60,25,60,60
1,2,3,2,6,10,2,6,10,1,12,16,2,4,9,0,4,14,3,5,7,3,5,11,5,16,21,5,28,47,9,14,38,3,11,22
0,0,1,2,3,6,4,9,11,0,2,2,2,4,6,3,4,6,0,1,3,5,15,22,0,3,10,9,29,53,9,19,22,8,8,10
0,2,3,0,2,3,1,1,4,0,19,22,0,5,7,0,3,5,4,8,14,5,16,25,3,19,31,3,19,44,4,19,25,2,10,22
1,2,7,0,2,15,1,1,23,0,15,34,0,2,14,1,2,9,1,6,31,6,12,57,4,15,44,10,20,60,7,21,60,5,9,60
0,2,9,0,1,14,2,5,22,0,0,58,0,2,27,0,1,9,2,11,47,1,8,60,2,11,60,15,36,60,1,7,60,2,5,60
1,2,6,1,2,15,1,4,20,6,8,34,1,1,13,0,1,8,2,4,34,4,13,60,6,12,46,6,28,60,8,20,60,6,12,60
0,2,7,2,4,19,1,4,20,0,9,32,0,1,12,1,4,6,0,1,16,2,8,55,2,11,46,6,28,60,4,14,60,0,16,60
0,3,6,1,4,8,2,5,9,4,25,46,4,11,20,8,24,43,6,28,50,7,21,28,7,34,57,9,47,60,13,48,60,6,41,60
0,0,1,2,6,17,0,7,17,0,3,3,3,10,22,1,4,4,0,0,0,4,11,25,0,10,17,11,49,60,7,31,47,4,5,25
0,1,1,2,7,9,2,6,7,0,1,8,1,3,5,1,7,11,0,6,6,3,11,22,0,10,13,16,34,48,2,8,21,0,16,37
0,0,9,1,1,15,2,7,29,0,4,47,2,7,32,0,1,8,0,0,5,0,9,46,3,5,52,15,28,60,6,20,60,2,6,57
0,0,3,0,1,5,1,2,9,0,6,19,2,10,16,0,0,1,0,0,1,0,2,15,0,2,24,11,19,60,0,3,35,0,1,8
0,0,7,1,2,15,2,8,25,2,10,47,4,7,30,0,1,5,0,0,4,5,11,38,3,3,47,6,32,60,11,25,60,2,6,39
1,1,9,0,4,19,0,10,30,6,12,60,1,4,37,0,2,9,0,0,7,0,7,50,4,7,56,3,17,60,4,16,60,1,18,60
0,1,9,0,3,20,2,9,35,1,17,60,0,5,35,0,2,12,0,0,8,2,10,53,0,7,59,5,27,60,4,28,60,1,19,60
0,0,3,0,1,5,1,3,12,0,13,19,1,11,20,0,0,1,0,0,0,0,2,17,0,1,24,10,20,60,0,4,37,0,1,8
0,0,7,0,1,15,0,3,17,0,1,14,0,2,12,0,0,8,1,2,17,0,10,50,2,4,48,7,18,60,0,5,56,0,14,60
1,1,2,2,3,4,1,3,9,0,1,4,1,2,6,1,7,12,1,17,20,3,14,28,4,11,18,9,39,60,4,15,33,1,7,26
1,2,8,0,1,15,2,2,24,8,11,60,3,3,26,0,1,14,1,7,38,8,11,60,3,10,60,10,26,60,10,11,60,1,5,53
0,2,3,1,2,4,0,6,7,0,4,27,2,6,11,0,3,30,3,7,13,12,26,29,6,11,26,4,29,50,2,19,38,2,17,40
1,2,6,2,5,16,3,6,7,2,16,45,0,5,24,11,60,60,1,20,41,4,19,31,13,30,48,14,48,60,12,44,60,13,33,60
0,0,1,2,6,17,0,8,17,0,3,4,2,11,23,1,4,4,0,0,0,4,11,25,0,10,16,11,49,60,8,31,48,4,5,26
2,4,8,6,23,35,1,5,8,9,28,35,4,25,36,5,32,60,26,52,60,5,16,24,23,43,59,8,35,54,8,45,60,9,60,60
1,6,8,6,15,36,1,6,7,14,35,43,10,24,43,9,26,31,8,43,57,1,12,26,17,54,60,12,24,60,11,34,48,12,60,60
0,1,1,2,7,9,3,5,7,0,1,2,1,3,5,0,7,10,0,4,6,2,10,19,1,8,13,16,33,51,1,8,16,1,13,22
1,2,5,6,12,17,5,9,13,1,6,21,5,12,18,4,10,17,2,12,26,0,10,27,7,13,27,4,21,46,8,28,48,4,18,38
1,2,5,5,12,15,4,10,14,1,3,19,3,12,18,3,10,15,1,13,23,0,11,29,5,14,30,4,21,47,5,28,47,4,17,37
1,2,5,6,12,17,5,9,13,1,6,21,5,12,18,4,10,17,2,12,26,0,10,27,7,13,27,4,21,46,8,28,48,4,18,38
1,1,1,4,9,10,3,8,14,0,3,11,2,6,13,3,10,16,4,6,7,6,23,32,9,15,21,18,38,60,3,20,31,10,24,43
0,1,2,0,2,5,0,2,9,0,1,3,0,2,5,0,7,10,3,18,21,2,18,27,1,10,17,9,37,59,1,13,27,0,8,15
0,5,7,3,11,23,1,8,11,1,10,27,0,14,24,40,60,60,5,28,50,3,15,31,4,25,54,8,44,60,6,36,60,11,55,60
1,1,9,0,2,18,0,2,26,0,10,34,0,5,19,1,2,10,0,5,35,2,12,60,4,9,55,4,21,60,3,19,60,1,33,60
1,5,5,0,4,10,3,4,9,5,20,23,3,8,16,9,43,54,3,10,21,9,20,33,1,16,32,12,43,60,16,36,53,19,49,56
0,4,4,1,2,7,1,5,10,21,30,35,2,9,16,5,21,47,1,9,30,4,19,40,9,39,56,21,52,60,12,41,60,3,44,60
1,2,6,0,4,10,0,6,10,20,28,35,0,12,20,2,9,24,2,19,26,5,18,36,6,33,55,15,48,60,10,31,55,11,41,58
1,5,7,2,11,21,0,10,13,2,13,28,2,15,25,39,60,60,9,28,41,5,19,34,1,19,50,12,43,60,12,43,60,16,56,60
1,2,5,0,1,15,1,5,25,1,2,50,0,4,28,2,2,17,1,5,26,0,8,58,8,18,46,5,25,60,5,25,60,20,29,60
0,2,7,0,7,12,3,5,20,4,21,34,3,8,23,0,3,13,1,2,13,8,15,57,2,12,43,8,27,60,7,14,60,4,15,60
0,0,7,1,1,18,1,1,19,0,0,17,1,1,25,0,2,17,0,3,29,2,5,55,1,3,47,6,20,60,4,5,60,1,4,57
0,2,4,4,10,10,1,3,10,3,5,8,2,5,13,0,15,24,0,17,31,2,11,22,0,8,18,9,30,59,6,15,35,3,9,19
1,3,5,1,6,13,2,8,11,2,3,7,2,10,12,5,13,20,0,4,29,6,17,24,2,9,25,8,39,60,11,26,38,5,17,34
1,3,4,8,10,11,2,6,7,1,7,15,1,7,15,3,17,24,0,31,33,0,13,24,2,13,22,9,40,57,3,18,35,2,13,39
1,2,3,0,7,9,3,6,12,3,8,10,4,14,18,2,8,15,2,8,20,8,26,33,3,9,19,5,45,60,11,49,60,23,35,60
1,1,2,1,3,6,3,4,9,8,14,60,3,5,7,0,2,4,1,2,5,4,7,17,2,8,17,12,33,56,4,15,30,1,2,6
0,1,9,0,1,13,1,1,30,0,2,60,0,1,40,0,0,15,0,0,11,0,1,55,0,7,56,2,20,60,3,4,60,0,3,60
0,2,10,3,3,21,5,9,33,3,13,60,1,3,42,2,3,11,0,1,11,4,10,59,0,10,60,14,31,60,10,24,60,1,6,60
1,2,10,1,9,23,2,11,42,1,11,60,0,5,46,2,2,14,1,2,14,5,14,60,2,11,60,12,39,60,8,30,60,2,6,60
0,0,0,1,2,5,0,0,3,0,0,14,0,0,3,0,0,0,0,0,0,0,0,3,1,1,17,9,19,60,1,1,7,0,0,1
0,1,5,2,5,17,1,2,15,0,2,22,2,5,18,1,4,17,0,10,25,3,8,45,0,8,43,8,26,60,1,13,60,4,29,60
1,2,7,2,4,19,1,4,19,1,16,32,0,0,12,1,4,6,0,1,19,4,9,53,3,11,43,8,25,60,6,17,59,2,16,60
0,0,6,0,0,10,0,1,14,0,8,33,1,2,10,0,1,7,0,0,17,1,4,37,0,0,41,4,14,60,1,5,49,0,0,60
0,1,5,0,0,6,0,2,14,0,2,43,0,3,17,0,1,3,0,7,17,1,7,32,0,7,37,6,22,60,0,4,51,0,0,19
0,2,6,1,3,10,1,2,17,6,9,34,0,2,12,2,4,6,0,1,15,4,10,46,6,13,37,7,27,60,5,15,53,10,13,60
0,2,4,0,4,5,1,5,6,2,18,21,2,7,11,2,26,44,0,10,15,6,26,32,1,14,27,15,39,60,8,26,42,3,27,49
0,0,8,0,2,20,2,3,27,1,2,38,0,0,24,0,0,24,0,13,37,0,11,60,2,3,55,4,21,60,0,6,60,2,5,60
0,4,6,1,1,4,4,13,18,8,38,60,7,20,34,0,4,4,3,12,19,4,15,31,6,25,35,20,54,60,14,60,60,5,23,39
2,3,18,1,2,26,4,9,42,4,36,60,5,17,60,1,6,60,2,6,60,5,20,60,7,22,60,12,42,60,6,42,60,7,33,60
1,5,6,0,6,10,0,6,11,1,7,27,5,12,17,7,25,36,6,40,45,3,22,30,7,31,43,13,31,52,8,31,59,3,46,60
0,3,6,2,5,9,0,7,13,0,13,19,5,14,25,1,26,41,2,28,44,4,22,37,1,17,39,12,26,60,12,56,60,10,60,60
0,3,5,0,6,9,1,6,12,3,7,19,4,13,21,2,12,33,2,10,38,6,19,37,2,13,32,8,30,57,12,46,60,10,44,60
1,2,4,1,2,4,4,10,16,10,34,60,3,16,27,3,3,6,2,9,16,5,16,24,8,16,36,20,50,60,21,60,60,7,22,40
1,3,7,0,2,7,0,4,15,1,2,27,0,2,14,2,4,9,0,0,3,5,10,28,9,11,30,4,30,60,4,12,40,5,10,59
0,0,2,1,1,8,0,1,18,0,2,46,2,4,21,1,1,6,0,2,10,3,10,44,0,0,15,7,18,60,5,8,58,1,3,60
1,1,4,2,2,4,2,3,6,2,2,36,1,2,12,1,1,1,0,0,3,2,7,16,1,1,7,6,14,42,6,7,22,2,6,18
0,2,9,0,2,26,1,3,26,0,4,49,0,2,39,4,4,60,1,6,37,2,4,60,0,6,60,8,30,60,1,11,60,2,2,60
1,2,3,1,2,4,1,2,5,0,20,23,0,3,13,1,3,6,3,7,16,3,18,26,7,21,34,3,27,55,4,20,26,6,14,36
2,2,9,2,3,18,4,6,20,0,2,25,1,3,17,0,0,10,1,1,19,7,14,53,5,9,60,8,26,60,5,9,60,1,18,60
1,2,7,0,1,15,1,1,22,0,14,34,1,2,14,1,2,10,1,5,33,7,11,60,5,13,48,9,20,60,10,21,60,5,8,60
0,0,8,1,1,18,1,2,23,0,0,29,0,2,42,2,2,30,2,4,37,3,7,60,1,3,60,3,13,60,4,8,60,2,4,60
0,0,8,0,3,26,1,2,26,0,0,35,1,3,45,0,2,37,2,4,38,2,4,60,2,3,60,5,20,60,4,9,60,1,3,60
1,2,5,0,1,15,1,5,24,1,2,50,1,3,31,2,2,17,0,4,25,0,9,59,11,19,42,9,32,60,8,26,60,1,56,60
1,3,5,7,11,13,1,8,12,3,9,32,10,24,38,1,3,3,2,3,9,2,14,26,8,24,35,7,51,60,12,40,60,14,23,56
1,4,7,0,4,6,5,9,12,1,12,26,2,9,17,6,32,39,2,24,33,5,28,46,10,35,50,7,32,59,11,45,60,41,60,60
1,5,8,3,4,6,3,9,12,3,14,30,5,9,18,5,28,35,1,26,31,6,30,47,11,34,50,8,32,60,10,51,60,25,60,60
1,3,7,1,4,6,3,9,14,3,17,35,2,12,18,3,10,34,1,8,29,5,26,49,8,29,55,13,33,60,10,46,60,8,60,60
1,4,7,1,6,9,1,10,17,5,9,34,1,12,27,2,10,20,2,9,35,3,17,39,8,30,49,9,39,60,4,44,60,6,59,60
1,4,5,0,3,9,1,6,9,1,11,14,2,11,21,7,32,46,2,28,59,8,20,40,5,35,45,6,28,55,12,43,60,30,60,60
1,2,15,1,1,26,3,9,43,10,44,60,5,15,60,0,5,60,2,5,60,6,24,60,5,22,60,11,39,60,18,44,60,7,22,60
1,3,8,2,5,5,4,10,12,2,14,29,3,7,21,3,29,39,1,19,31,9,30,46,10,33,53,9,31,55,5,53,60,30,60,60
1,2,3,0,7,9,3,6,14,3,9,11,4,13,20,2,9,19,2,8,23,8,26,34,4,9,21,7,41,60,15,46,60,21,36,60
1,3,9,1,4,21,4,9,25,1,1,18,2,10,28,2,13,39,1,5,60,6,16,60,4,14,54,13,48,60,11,28,60,16,27,57
0,1,6,2,4,15,3,4,23,0,0,20,2,2,27,0,2,5,0,7,15,2,6,38,2,15,41,7,26,60,5,9,46,0,3,60
1,3,6,0,9,10,2,7,9,4,23,28,4,11,16,4,21,31,7,30,39,5,23,35,7,28,40,10,34,57,13,29,56,3,52,60
1,3,6,0,9,10,2,7,9,4,23,28,4,11,16,4,21,31,7,30,39,5,23,35,7,28,40,10,34,57,13,29,56,3,52,60
0,3,6,0,4,8,0,9,14,0,14,18,2,15,25,7,28,42,2,34,46,4,19,37,2,21,37,11,27,60,15,58,60,4,60,60
0,1,3,4,6,8,3,8,10,1,5,7,2,6,14,1,6,10,1,2,13,7,23,26,4,8,16,11,40,60,12,35,47,4,31,48
0,1,2,0,9,10,2,3,6,3,18,22,2,6,9,2,6,15,0,13,22,4,8,13,0,4,13,10,28,50,6,11,23,1,24,26
0,1,3,4,5,8,2,8,10,1,5,7,1,4,15,0,7,10,1,2,9,10,23,26,4,8,17,9,40,60,13,36,46,4,31,48
0,4,7,0,3,11,1,4,17,1,5,32,1,2,17,2,3,11,0,1,3,3,10,41,1,13,31,9,40,60,5,12,51,1,7,60
1,2,5,0,3,17,2,3,24,0,3,46,2,5,28,0,5,16,0,8,25,2,9,49,7,22,42,3,38,60,15,27,60,25,30,60
1,2,6,3,7,10,2,7,22,3,22,34,4,10,26,3,4,11,1,1,13,5,17,57,6,9,42,3,23,60,9,21,60,12,60,60
0,2,7,0,7,12,3,5,21,1,19,33,2,7,20,0,3,12,1,3,13,7,12,57,2,12,43,6,25,60,7,14,60,3,6,60
1,3,6,0,5,16,2,5,24,0,2,52,0,2,28,2,4,13,2,5,24,3,12,58,4,14,46,8,24,60,6,22,60,2,8,60
0,1,5,0,1,13,3,8,22,1,6,42,2,6,26,0,6,11,2,5,16,8,24,53,0,6,40,8,29,60,5,24,60,1,60,60
0,0,6,0,3,17,0,2,20,0,0,30,1,3,29,1,3,26,2,5,31,3,9,56,0,3,60,5,20,60,1,11,60,3,6,60
0,0,9,0,2,17,2,3,29,1,2,35,0,0,22,0,0,24,0,7,36,0,6,60,1,3,60,2,24,60,1,6,60,3,5,60
0,0,12,1,1,25,1,1,30,3,13,34,3,4,22,0,0,16,1,2,38,2,3,60,0,1,60,6,20,60,3,4,60,15,23,60
1,3,6,0,3,15,3,5,10,11,20,24,3,8,14,7,37,52,2,8,15,6,17,31,3,18,31,10,45,60,13,34,51,17,40,59
1,4,5,0,3,4,1,5,9,3,25,34,5,9,13,3,23,60,2,13,17,5,29,42,14,33,44,9,46,60,9,33,60,8,26,60
0,0,12,1,3,22,0,1,33,0,4,39,0,2,22,0,1,21,2,6,39,1,9,60,1,9,60,3,15,60,2,10,60,2,10,60
2,5,7,0,11,17,3,6,15,11,21,25,4,11,22,23,52,60,5,16,32,8,19,30,4,15,37,13,47,60,16,40,60,23,47,60
0,2,6,0,3,11,1,3,14,0,1,31,0,0,10,1,4,6,0,0,9,2,5,41,0,8,34,10,30,60,3,11,52,1,5,60
0,2,3,1,1,5,1,3,7,0,23,25,3,7,11,0,5,21,4,7,11,13,21,36,8,23,29,4,30,60,4,23,39,2,19,37
0,0,7,0,0,10,0,1,14,0,8,34,1,2,10,0,1,7,0,0,17,1,4,37,0,0,42,4,14,60,1,5,49,0,0,60
2,3,4,4,4,9,3,7,10,1,26,42,4,19,30,0,1,5,5,11,28,6,17,29,7,21,41,11,40,60,9,35,60,8,18,47
0,3,5,4,14,17,2,5,9,6,14,25,5,14,23,11,27,31,13,28,29,9,19,22,12,30,46,10,29,60,7,16,29,25,41,52
2,5,6,4,15,23,2,12,14,6,21,27,4,21,25,4,55,60,2,33,56,1,21,34,5,19,34,10,35,53,12,44,60,11,51,60
1,4,7,8,14,25,4,10,13,3,15,23,6,17,25,4,31,60,3,35,55,5,17,29,6,17,35,6,34,49,11,40,60,7,37,60
1,1,9,0,3,18,0,2,26,0,10,34,0,5,17,1,2,10,0,5,32,2,13,60,4,13,55,7,19,60,5,22,60,2,30,60
0,2,10,0,2,20,0,1,26,0,6,37,0,1,18,0,1,18,2,5,39,3,9,60,1,13,60,4,20,60,6,15,60,2,8,60
0,1,3,0,2,3,1,2,4,0,1,21,0,4,6,0,1,4,3,7,8,11,16,23,2,15,30,3,19,42,2,13,26,1,9,20
0,1,6,0,4,11,1,3,14,0,9,34,0,1,11,0,3,6,0,1,10,1,9,35,2,9,36,7,24,60,2,13,50,1,12,60
1,2,4,0,2,6,0,6,8,2,9,40,4,10,11,1,39,55,1,12,17,8,30,36,8,19,33,10,39,60,7,31,53,7,35,58
1,2,9,0,1,18,2,2,24,3,11,60,2,3,29,0,1,17,1,9,41,8,10,60,3,11,60,9,26,60,9,12,60,3,5,60
0,2,8,0,2,17,0,7,29,0,8,48,0,5,33,0,0,6,0,0,5,1,4,47,0,8,53,3,26,60,5,12,60,1,19,44
1,2,11,4,5,21,4,8,41,4,14,60,4,5,39,0,2,12,0,1,15,5,10,60,10,20,60,7,22,60,16,33,60,9,33,60
1,1,9,0,4,19,0,10,30,6,12,60,1,4,37,0,2,9,0,0,7,0,7,50,4,7,56,3,17,60,4,16,60,1,18,60
0,0,3,0,0,4,0,1,7,0,0,25,0,1,15,0,0,1,0,0,2,0,0,13,1,2,19,8,12,60,0,0,24,0,0,7
0,2,5,0,3,10,2,4,22,5,16,40,2,12,28,0,1,3,0,0,1,4,10,27,0,9,33,5,21,60,7,22,54,0,5,27
0,2,8,1,2,16,1,7,26,0,10,47,0,6,30,0,0,6,0,0,5,1,7,43,3,8,50,4,31,60,6,17,60,3,17,42
0,2,10,3,4,18,4,7,32,2,11,60,1,2,45,1,3,13,0,1,13,3,9,60,0,7,60,13,28,60,2,20,60,1,3,60
0,2,3,7,12,14,3,8,11,1,4,14,7,21,31,2,4,4,0,1,2,2,15,25,4,21,34,18,48,60,12,37,56,2,22,29
1,3,4,0,2,6,2,9,13,4,29,57,4,12,23,2,3,8,1,6,11,4,9,29,4,15,24,10,46,60,25,53,60,6,17,30
0,2,5,0,1,10,2,5,22,2,15,42,2,8,27,0,1,3,0,0,0,2,9,27,0,10,31,4,22,60,7,24,58,0,4,29
1,1,9,4,6,23,3,8,39,7,16,60,4,6,41,0,2,12,0,0,13,6,12,60,10,16,60,3,28,60,12,34,60,10,12,60
1,4,8,2,4,20,3,7,12,4,21,26,3,12,21,35,56,60,6,16,32,8,21,30,2,19,46,12,42,60,11,43,60,28,50,60
1,2,9,0,0,19,1,5,21,2,11,26,0,2,17,0,1,9,0,1,18,2,7,55,2,7,58,5,26,60,3,5,60,15,15,60
0,0,6,0,1,10,0,1,14,0,8,34,1,2,12,1,2,7,0,1,17,1,8,40,0,6,40,5,16,60,3,9,51,0,12,60
2,5,7,0,11,16,3,6,16,14,22,25,3,11,20,14,49,58,5,12,30,7,18,31,6,18,35,10,44,60,17,39,60,19,46,60
0,0,12,1,1,23,1,1,27,2,13,34,3,4,19,0,0,14,1,2,38,2,3,60,0,2,60,5,21,60,3,4,60,16,22,60
0,1,1,1,6,8,3,11,12,0,2,2,1,5,7,4,6,9,1,3,6,6,18,29,0,9,16,7,34,60,9,20,26,7,10,19
0,2,3,3,13,16,2,4,10,5,10,17,3,11,17,7,27,28,1,25,28,5,19,22,1,30,35,9,26,60,8,13,23,22,40,48
1,3,6,2,10,14,1,4,9,10,19,38,8,16,25,1,7,57,9,13,26,4,15,30,5,21,46,16,37,60,8,43,60,6,30,55
0,0,0,2,4,7,4,7,11,0,1,2,1,3,8,0,2,5,0,0,1,5,13,23,2,3,7,8,31,42,5,17,31,2,8,13
0,5,7,2,22,33,3,6,11,2,11,27,6,20,28,4,17,60,15,51,60,13,16,21,4,34,52,8,33,51,7,33,60,9,45,60
1,3,6,2,13,21,2,5,10,8,16,28,5,16,25,15,27,31,11,28,32,10,17,21,13,33,53,6,37,60,8,19,33,25,48,60
1,2,5,6,12,16,4,9,14,1,5,22,4,12,18,3,10,16,1,11,24,0,10,28,5,14,30,5,21,47,7,29,47,4,17,38
1,2,3,4,11,17,1,5,10,6,10,14,2,10,21,6,25,29,5,23,28,10,21,29,7,28,35,12,39,60,9,14,25,30,38,42
1,2,3,4,11,17,1,5,10,6,10,14,2,10,21,6,25,29,5,23,28,10,21,29,7,28,35,12,39,60,9,14,25,30,38,42
0,0,12,0,1,23,0,1,27,0,13,34,0,4,19,0,0,13,1,1,37,1,3,60,0,1,60,6,24,60,1,5,60,0,22,60
0,0,12,1,1,23,1,1,29,1,13,34,2,4,20,0,0,16,1,2,38,2,3,60,0,2,60,5,21,60,3,5,60,14,22,60
2,4,7,1,6,17,3,6,15,7,22,26,4,12,21,30,51,60,5,16,29,8,19,28,2,16,41,13,47,60,18,40,60,27,46,60
1,4,5,1,2,13,3,4,9,3,20,23,3,10,16,24,51,60,6,11,21,11,20,35,1,22,35,11,46,60,12,39,54,17,49,55
0,4,7,1,14,23,1,4,6,2,19,40,0,14,31,43,60,60,1,29,55,3,12,21,4,35,56,11,38,60,7,47,60,10,34,60
0,0,13,1,1,23,1,1,29,1,13,34,3,4,20,0,0,16,1,2,38,2,3,60,0,2,60,7,21,60,3,4,60,15,22,60
1,1,9,0,3,18,0,2,26,0,10,34,0,5,17,1,2,9,0,4,33,2,12,60,4,10,54,4,21,60,3,21,60,1,33,60
1,2,6,3,5,17,1,3,19,9,10,43,0,6,22,2,5,14,7,8,24,1,7,46,9,14,46,5,28,60,4,23,60,1,30,60
0,1,8,2,3,19,1,2,24,0,2,32,1,2,27,0,7,30,1,11,28,3,9,55,0,7,60,7,30,60,5,12,60,0,6,60
0,0,8,0,1,18,1,2,23,0,0,32,1,2,43,2,2,30,4,4,36,3,7,60,1,3,60,4,15,60,2,8,60,3,4,60
1,2,6,0,0,11,1,4,19,0,16,31,1,5,16,0,1,10,1,2,9,1,12,53,4,11,33,17,32,60,3,11,57,0,1,60
1,2,7,0,7,12,3,6,21,1,22,33,2,7,19,0,3,12,1,3,12,7,11,58,3,12,42,7,30,60,6,14,60,1,10,60
0,2,7,0,7,12,3,5,20,4,21,34,3,8,23,0,3,13,1,2,13,8,15,57,2,12,43,8,27,60,7,14,60,4,15,60
1,1,2,0,4,8,2,7,11,2,7,10,1,6,14,4,8,12,0,6,13,10,23,32,3,7,15,10,34,60,8,35,55,4,32,35
0,1,1,1,4,5,2,6,8,0,5,7,1,3,7,0,9,9,1,3,15,8,19,30,3,6,11,8,35,58,7,29,43,5,24,32
0,1,1,1,4,4,1,5,7,0,2,5,1,3,3,0,5,9,1,9,17,5,17,31,1,6,6,8,35,49,3,20,30,3,8,25
2,3,4,2,4,5,3,8,14,0,1,3,1,7,11,4,11,15,3,8,9,5,18,23,8,15,19,16,43,60,12,29,47,18,27,33
2,3,4,1,7,12,2,8,10,4,31,37,4,16,21,4,16,28,12,21,40,3,24,36,9,25,41,8,55,60,9,46,60,21,44,60
0,0,9,0,1,17,2,2,25,2,16,54,2,3,37,0,2,42,0,1,43,3,5,60,0,2,59,6,22,60,4,8,60,0,23,60
0,0,10,0,1,18,0,2,19,2,6,45,2,3,31,0,2,38,0,0,39,3,4,60,0,1,60,5,15,60,1,6,60,0,10,60
0,2,3,1,5,11,1,7,8,2,3,4,2,9,11,1,8,19,0,0,23,4,10,22,0,4,13,10,37,59,10,23,30,3,14,19
0,3,19,0,3,33,1,12,46,4,36,60,3,20,60,0,2,60,2,9,60,3,15,60,4,25,60,16,47,60,8,43,60,5,19,60
0,1,5,1,1,4,0,4,12,3,3,24,1,3,9,1,2,7,0,0,0,2,7,21,2,4,18,3,15,60,1,4,27,0,1,27
0,0,3,0,1,12,4,7,21,2,5,55,3,8,24,1,2,8,2,5,11,6,17,48,0,0,25,8,23,60,4,17,60,2,7,60
0,0,5,1,1,4,0,2,12,3,3,12,2,4,9,2,2,7,0,0,0,1,7,19,2,2,18,1,22,60,1,4,26,0,3,23
1,2,7,0,0,10,1,2,19,1,3,28,0,2,15,0,1,10,1,2,7,1,9,41,3,10,30,10,25,60,2,9,48,0,1,60
1,5,7,3,12,26,0,10,13,3,11,32,2,16,27,39,60,60,9,30,44,4,19,37,2,20,56,11,40,60,11,45,60,15,58,60
1,3,5,0,6,10,2,6,8,2,9,36,3,10,19,17,60,60,3,14,41,4,18,31,8,30,45,12,41,60,6,41,60,8,51,60
2,4,7,1,12,19,1,10,15,6,23,27,3,11,28,19,54,60,6,17,39,3,19,32,4,16,33,12,37,60,16,46,60,20,50,60
1,2,4,2,2,4,3,3,7,1,16,36,1,2,12,1,1,1,0,1,3,3,7,16,1,3,7,5,15,42,6,10,22,0,6,18
0,0,7,0,4,18,1,2,24,0,0,31,1,3,32,1,2,30,4,5,29,3,8,58,0,3,60,7,22,60,3,11,60,3,5,60
0,0,3,1,1,11,0,2,19,1,2,46,0,4,24,0,1,8,0,0,10,4,10,50,0,0,19,8,19,60,3,8,60,1,13,60
0,1,17,0,1,24,2,10,45,29,60,60,10,21,60,1,2,53,1,4,57,1,11,60,4,14,60,10,39,60,7,41,60,1,17,60
1,3,4,8,10,11,2,6,7,1,5,15,1,7,14,1,16,24,0,30,33,0,13,24,2,11,22,11,36,59,3,18,36,2,13,39
2,2,3,0,3,8,2,11,14,0,3,5,3,11,13,6,11,14,1,3,8,9,16,22,5,12,17,14,43,60,13,34,44,7,27,33
0,0,0,0,1,5,3,4,5,0,0,1,0,2,2,0,1,1,0,5,11,1,11,23,1,1,7,7,29,44,2,12,16,1,6,7
0,4,7,1,4,6,2,8,13,0,11,20,2,9,18,4,31,37,2,26,35,4,25,45,8,36,50,7,30,57,14,40,60,43,60,60
0,3,7,0,2,11,1,3,19,0,8,32,1,3,17,1,3,11,0,2,3,2,10,44,0,13,31,10,35,60,2,12,54,0,5,60
0,1,5,0,4,4,1,7,14,0,2,19,1,5,8,2,4,7,0,0,2,5,8,21,0,3,21,6,31,60,6,14,26,3,19,23
2,2,6,1,2,16,1,6,22,0,3,51,0,2,29,2,4,11,4,6,23,3,20,59,6,14,46,8,28,60,7,23,60,2,27,60
1,3,7,0,2,11,1,6,22,1,20,33,1,6,17,0,1,12,1,2,10,7,11,56,4,13,41,15,30,60,6,13,60,1,6,60
1,4,7,7,16,26,3,10,13,3,15,24,4,20,25,3,49,60,3,40,58,5,18,30,6,18,36,10,33,51,11,41,60,9,46,60
0,2,5,0,3,14,1,5,22,0,1,46,1,2,30,0,1,15,0,2,23,3,7,51,2,17,38,12,37,60,11,26,60,3,35,60
0,1,3,0,2,5,0,3,5,1,2,36,1,2,12,0,1,1,0,0,3,2,2,24,0,1,5,9,15,42,4,6,20,2,2,19
1,1,10,0,3,25,1,3,22,0,10,48,0,2,34,4,6,52,1,8,33,3,6,59,0,7,60,9,29,60,1,10,60,2,4,60
1,4,6,1,7,10,1,7,12,4,19,27,1,15,21,5,23,38,4,32,43,4,19,27,8,30,51,9,33,60,13,46,60,5,60,60
1,2,6,1,1,3,3,13,14,14,26,50,4,18,28,2,3,5,3,8,17,5,18,26,6,18,34,17,53,60,14,60,60,9,32,45
1,3,7,0,4,6,2,6,13,4,12,29,3,9,21,13,37,44,20,33,39,8,22,28,8,28,54,11,32,57,9,60,60,25,60,60
0,2,3,5,12,16,2,8,13,1,4,10,7,20,31,2,4,4,0,1,5,3,16,25,4,19,39,24,46,60,13,29,57,2,22,32
1,3,4,1,4,5,1,10,15,0,3,6,2,10,14,5,13,18,3,6,14,7,19,26,8,16,22,16,46,60,9,40,52,6,31,35
0,3,4,1,4,10,1,6,11,5,23,32,1,9,18,2,15,25,2,12,25,7,31,43,7,23,37,7,34,57,16,36,60,4,54,60
1,1,4,0,4,9,1,6,10,4,8,10,1,7,15,6,8,14,0,9,16,8,22,32,3,9,22,8,32,60,11,37,60,7,32,44
0,0,2,0,1,4,1,3,7,2,21,22,6,13,17,0,0,3,0,0,7,1,4,13,0,4,19,8,19,58,1,1,16,0,0,4
1,3,6,0,9,10,2,6,9,3,23,28,3,11,14,3,21,31,3,24,37,5,24,39,6,27,41,9,35,55,14,29,53,5,50,60
0,2,7,1,1,22,3,7,22,1,1,30,1,4,25,1,4,27,1,3,49,2,7,52,0,9,44,13,35,60,1,22,60,11,18,51
1,2,14,1,3,26,0,4,36,3,28,60,1,4,60,2,8,60,2,6,60,9,23,60,7,15,60,8,34,60,14,31,60,2,30,60
0,2,12,1,2,19,0,4,25,15,20,60,2,6,47,1,5,57,0,3,60,0,13,60,2,11,60,5,29,60,1,23,60,19,27,60
0,4,5,0,3,4,3,5,11,2,8,10,2,11,15,2,11,30,1,22,31,4,16,32,4,19,34,7,33,60,11,30,53,3,18,38
0,2,12,1,2,19,0,4,25,15,20,60,2,6,49,0,5,57,0,3,60,0,13,60,2,11,60,6,29,60,0,25,60,19,27,60
0,0,4,0,3,11,2,6,21,0,8,54,2,12,27,0,3,8,0,5,12,4,21,52,0,1,32,7,32,60,4,19,60,25,60,60
0,1,7,2,3,20,1,2,22,1,10,38,1,3,28,4,7,27,1,10,27,4,8,51,0,7,54,7,26,60,6,12,60,1,7,60
0,0,7,1,1,18,1,2,17,0,0,19,1,1,34,2,2,19,0,3,32,3,6,57,1,1,55,5,16,60,4,5,60,2,4,60
2,3,6,2,3,7,3,6,16,1,1,28,0,3,14,3,5,9,0,0,3,5,14,28,7,11,28,12,34,60,8,16,38,7,15,58
0,1,5,0,1,5,2,4,13,1,1,25,0,2,10,0,2,7,0,0,2,1,6,26,1,1,22,10,27,60,4,13,29,8,15,44
1,3,5,0,4,10,0,4,9,20,25,33,0,9,19,2,9,21,2,20,24,7,19,35,6,33,51,15,46,60,10,26,52,11,39,51
1,2,7,2,4,13,1,3,15,1,8,32,0,0,11,2,5,6,0,1,9,2,9,44,5,11,39,8,31,60,5,17,55,4,13,60
1,2,7,0,2,15,1,1,22,0,14,34,0,2,14,1,2,7,0,4,30,4,13,55,4,14,45,9,21,60,6,23,60,4,16,60
0,2,3,1,3,4,0,6,7,0,4,34,3,10,10,0,11,44,2,8,15,12,27,33,8,17,30,7,33,58,5,27,42,2,28,45
0,4,4,1,3,8,0,3,11,23,30,35,2,9,20,3,24,35,1,17,31,4,21,38,8,40,55,18,51,60,12,45,60,3,43,60
0,2,3,1,2,6,0,5,8,1,6,37,3,10,11,0,28,56,0,11,16,6,29,35,9,18,31,8,37,60,5,28,45,6,29,57
2,4,6,1,3,7,0,6,8,2,13,41,3,12,16,28,60,60,6,14,32,7,23,37,6,29,43,14,45,60,8,42,60,13,51,60
0,5,8,3,12,23,1,7,11,1,10,23,2,15,21,53,60,60,5,30,55,4,14,34,4,25,57,8,43,60,8,36,60,13,54,60
0,2,8,0,3,18,2,5,18,1,2,24,2,3,16,0,0,9,1,2,18,2,14,49,4,9,52,7,27,60,2,9,59,14,18,60
1,4,6,3,20,25,1,7,13,6,19,34,5,24,35,4,26,33,2,26,37,8,18,28,14,39,60,4,54,60,5,22,47,7,42,60
1,3,4,7,11,16,4,8,13,1,15,22,3,10,18,6,10,22,2,10,22,4,9,25,6,19,24,7,25,50,7,33,48,5,21,43
1,3,4,7,11,16,4,8,13,1,15,22,3,10,18,6,10,22,2,10,22,4,9,25,6,19,24,7,25,50,7,33,48,5,21,43
1,3,4,7,11,16,4,8,13,1,15,22,3,10,18,6,10,22,2,10,22,4,9,25,6,19,24,7,25,50,7,33,48,5,21,43
1,3,4,7,11,16,4,8,13,1,15,22,3,10,18,6,10,22,2,10,22,4,9,25,6,19,24,7,25,50,7,33,48,5,21,43
1,3,4,7,11,16,4,8,13,1,15,22,3,10,18,6,10,22,2,10,22,4,9,25,6,19,24,7,25,50,7,33,48,5,21,43
1,3,4,7,11,16,4,8,13,1,15,22,3,10,18,6,10,22,2,10,22,4,9,25,6,19,24,7,25,50,7,33,48,5,21,43
1,3,4,7,11,16,4,8,13,1,15,22,3,10,18,6,10,22,2,10,22,4,9,25,6,19,24,7,25,50,7,33,48,5,21,43
1,3,4,7,11,16,4,8,13,1,15,22,3,10,18,6,10,22,2,10,22,4,9,25,6,19,24,7,25,50,7,33,48,5,21,43
1,3,4,7,11,16,4,8,13,1,15,22,3,10,18,6,10,22,2,10,22,4,9,25,6,19,24,7,25,50,7,33,48,5,21,43
1,3,4,7,11,16,4,8,13,1,15,22,3,10,18,6,10,22,2,10,22,4,9,25,6,19,24,7,25,50,7,33,48,5,21,43
1,3,4,7,11,16,4,8,13,1,15,22,3,10,18,6,10,22,2,10,22,4,9,25,6,19,24,7,25,50,7,33,48,5,21,43
1,4,7,0,8,16,0,6,9,4,29,47,3,21,40,0,2,4,1,19,25,7,20,25,4,21,50,8,40,60,9,41,60,8,27,60
1,2,3,6,11,17,2,7,10,0,9,12,2,8,16,6,18,29,5,19,26,8,20,29,7,27,36,14,34,60,7,14,23,15,38,44
0,3,5,3,12,15,2,10,14,10,20,23,2,9,16,2,15,40,1,8,16,3,13,18,7,19,20,7,33,59,8,38,47,6,29,52
0,2,4,2,10,16,1,3,6,4,8,24,1,9,16,10,26,29,13,23,35,2,12,19,1,23,35,5,21,35,2,11,27,18,35,58
0,2,3,1,5,15,2,6,10,0,5,15,2,5,11,1,5,10,3,4,11,3,6,10,2,15,27,7,24,43,7,15,37,3,9,14
0,2,3,3,13,16,2,4,10,5,10,17,3,11,17,7,27,28,1,25,28,5,19,22,1,30,35,9,26,60,8,13,23,22,40,48
2,5,6,4,15,23,2,12,14,6,21,27,4,21,25,4,55,60,2,33,56,1,21,34,5,19,34,10,35,53,12,44,60,11,51,60
1,3,6,1,3,8,3,7,9,2,10,36,3,10,16,11,60,60,3,13,32,7,24,40,9,28,43,11,43,60,8,40,60,11,53,60
1,3,6,1,3,8,3,7,9,2,10,36,3,10,16,11,60,60,3,13,32,7,24,40,9,28,43,11,43,60,8,40,60,11,53,60
1,2,4,0,2,7,3,8,17,9,17,35,3,17,27,2,4,8,2,6,14,4,15,31,4,16,26,20,48,60,19,60,60,6,26,38
1,3,5,0,1,8,1,5,18,0,2,29,0,1,23,0,0,3,0,0,0,1,2,22,7,13,28,6,22,60,3,12,49,0,1,26
0,0,10,0,2,19,2,6,36,0,1,50,2,7,42,0,1,10,0,0,7,5,10,60,0,5,59,17,30,60,6,13,60,2,5,60
0,1,7,1,2,14,2,5,24,2,8,47,2,6,30,0,1,5,0,0,4,3,10,36,3,6,46,2,33,60,4,24,60,2,6,40
0,2,8,1,2,15,2,7,26,0,5,47,1,6,30,0,0,6,0,0,5,2,7,41,3,6,48,5,27,60,6,19,60,3,4,41
0,2,10,3,3,21,5,9,33,3,13,60,1,3,42,2,3,11,0,1,10,4,10,59,0,10,60,14,31,60,10,24,60,1,6,60
0,1,9,3,3,21,5,8,32,3,13,60,1,3,39,1,3,12,0,0,13,5,8,59,0,8,59,7,29,60,7,24,60,2,20,60
1,2,4,1,10,13,3,7,12,0,16,27,6,20,34,1,4,5,0,5,12,6,11,28,5,19,30,10,42,60,22,50,60,18,27,35
0,0,7,1,2,14,3,5,24,3,13,45,3,7,29,0,1,4,0,0,4,4,10,34,3,3,46,6,33,60,8,27,60,2,6,31
1,2,10,0,6,24,1,11,38,1,5,60,0,5,46,1,2,14,1,1,15,4,15,60,2,12,56,11,38,60,15,34,60,2,13,60
0,0,9,0,2,19,3,6,34,1,8,50,4,6,39,1,1,10,0,0,7,2,8,60,2,7,53,9,29,60,3,14,60,0,5,60
0,0,10,0,1,20,0,2,34,0,1,49,1,2,44,0,0,13,0,4,11,3,9,60,0,4,60,5,17,60,1,4,60,0,4,60
2,3,5,1,8,14,2,11,13,2,22,34,7,29,37,0,3,5,2,8,15,5,19,25,7,24,38,7,35,60,16,50,60,18,27,55
1,2,9,0,2,19,3,6,22,1,2,25,0,3,16,0,0,10,1,1,19,4,11,52,2,9,60,8,26,60,5,7,60,3,18,60
0,2,7,2,4,19,1,4,20,0,9,32,0,0,12,1,4,6,0,1,13,2,8,52,2,11,46,8,28,60,3,14,60,0,15,60
0,2,4,5,13,16,2,4,8,5,10,17,3,10,16,6,27,28,0,25,28,4,17,22,1,28,36,8,25,56,6,12,22,23,40,47
0,0,1,2,4,7,6,10,12,1,2,2,2,6,8,1,5,7,0,1,5,5,19,26,0,8,17,7,29,60,9,21,30,7,9,18
1,2,6,3,6,8,3,6,10,8,32,45,3,13,22,8,20,40,7,21,46,6,15,35,8,22,58,15,54,60,15,45,60,13,45,60
0,0,13,1,1,24,1,1,31,2,13,35,1,4,21,0,0,17,1,2,38,1,3,60,0,2,60,7,22,60,3,5,60,0,23,60
1,2,6,0,1,12,1,4,18,0,2,44,1,3,20,1,1,6,6,10,25,7,13,49,6,12,48,11,34,60,3,9,60,0,3,24
1,2,7,1,4,17,0,3,23,6,19,34,0,4,15,2,4,6,1,1,26,4,11,57,7,13,46,5,20,60,5,19,60,9,32,60
1,5,7,2,11,23,0,8,13,3,11,29,2,14,27,38,60,60,11,30,42,5,19,35,2,17,52,13,42,60,12,45,60,16,56,60
0,5,6,2,9,18,1,7,11,0,9,25,1,12,23,36,60,60,6,27,42,4,19,31,3,26,54,12,45,60,9,42,60,10,57,60
2,4,7,1,6,17,3,6,15,7,22,26,4,12,21,30,51,60,5,16,29,8,19,28,2,16,41,13,47,60,18,40,60,27,46,60
1,3,6,0,5,16,1,5,24,0,2,51,0,2,29,1,4,13,1,5,24,3,11,60,2,14,46,6,23,60,5,20,60,2,8,60
0,3,6,2,3,8,0,5,16,0,2,31,1,3,16,1,5,10,0,0,3,2,12,36,2,12,30,9,40,60,5,18,41,3,22,60
0,3,6,2,3,8,0,5,16,0,2,31,1,3,16,1,5,10,0,0,3,2,12,36,2,12,30,9,40,60,5,18,41,3,22,60
0,0,4,0,1,12,1,4,20,1,6,48,2,7,23,1,1,8,0,2,11,7,13,51,0,1,27,9,22,60,7,10,60,3,53,60
0,2,7,0,7,11,2,5,18,1,11,33,2,7,22,0,3,10,0,2,14,4,13,56,0,12,42,6,22,60,6,15,60,4,7,60
1,2,5,0,4,4,4,6,13,0,4,23,2,5,9,2,5,7,0,0,2,5,11,22,0,8,22,12,32,60,7,16,30,6,15,23
1,2,5,1,3,4,3,7,13,0,2,25,1,4,10,2,3,7,0,0,2,7,9,22,0,5,22,10,34,60,10,19,30,6,20,24
0,0,2,1,5,5,3,4,6,0,1,3,1,2,4,0,1,5,1,2,10,1,12,24,0,4,12,6,29,53,7,13,21,3,6,23
1,4,4,2,4,11,1,4,9,1,25,31,3,10,16,3,9,14,7,18,22,5,15,33,8,25,39,14,44,60,7,26,51,20,32,60
0,3,4,2,9,11,2,4,12,0,25,28,5,9,19,1,8,13,8,17,19,6,17,28,5,23,32,18,45,60,6,32,55,13,43,60
2,3,4,1,7,12,2,8,10,4,31,36,4,16,22,4,16,29,12,21,39,3,24,36,9,25,41,8,56,60,9,46,60,21,44,60
1,2,8,1,1,22,4,8,22,1,1,17,3,5,24,0,9,34,0,4,58,4,10,53,1,12,48,12,43,60,6,25,60,14,20,50
1,3,5,1,9,9,2,5,9,14,25,28,3,13,14,2,20,25,3,20,32,4,22,42,5,24,37,9,34,58,14,33,50,22,30,60
1,1,6,0,5,20,1,5,24,0,1,33,0,3,31,1,1,21,1,2,27,1,5,48,5,6,49,7,23,60,4,13,60,0,14,45
1,4,5,0,2,10,2,10,15,13,23,30,7,19,34,0,3,5,4,13,14,6,21,29,7,26,38,10,52,60,20,56,60,8,36,41
1,2,10,0,6,22,2,10,38,0,5,60,0,6,44,0,2,14,1,1,17,6,16,60,5,12,56,13,32,60,13,31,60,2,13,60
1,2,11,2,9,23,2,12,42,1,11,60,0,5,48,2,2,14,1,2,13,5,14,60,2,10,60,13,40,60,9,28,60,2,5,60
0,2,10,1,8,23,3,10,38,3,6,60,0,2,44,1,3,12,0,1,14,4,17,60,0,12,60,14,36,60,11,29,60,1,8,60
2,2,6,0,5,16,2,5,24,0,2,51,0,2,28,1,3,14,2,5,24,2,11,59,4,14,46,8,24,60,6,21,60,2,5,60
0,0,3,0,1,11,4,7,21,2,5,55,3,9,26,0,2,8,2,5,12,5,21,51,0,0,31,7,27,60,4,20,60,4,29,60
0,1,5,1,3,5,2,5,13,1,1,26,1,2,10,1,3,7,0,0,2,3,7,25,1,2,22,14,29,60,5,17,30,11,16,46
0,1,7,2,2,15,1,3,21,0,2,31,1,3,23,0,8,26,1,11,28,2,10,53,0,7,56,6,28,60,1,12,60,1,8,60
0,1,5,0,4,14,1,3,21,0,0,41,1,2,25,0,0,13,0,3,23,3,5,54,3,10,36,15,33,60,8,23,60,3,7,60
0,0,2,1,1,7,0,1,19,0,2,45,2,4,22,0,1,6,0,0,9,2,7,42,0,0,14,6,19,60,2,8,54,1,2,60
0,0,7,0,1,12,0,1,27,11,13,43,1,5,27,0,0,13,1,1,30,0,0,54,0,1,54,3,11,60,1,7,60,0,0,60
1,3,7,2,11,20,1,5,9,7,26,36,7,20,28,1,24,55,9,11,24,5,16,26,3,22,52,16,34,59,9,43,60,5,27,60
1,2,3,0,2,4,1,2,5,0,19,23,0,3,10,1,3,6,3,8,15,2,16,24,6,22,30,2,18,48,4,17,26,2,12,33
1,5,9,8,20,27,0,5,7,2,19,42,7,17,32,31,60,60,20,49,60,1,16,27,15,36,55,10,35,60,17,44,60,9,50,60
0,2,9,1,2,20,0,4,22,5,8,36,1,1,18,0,1,17,3,4,38,3,12,60,5,13,56,5,26,60,7,19,60,5,11,60
1,2,7,0,2,15,1,1,23,0,14,34,0,2,14,1,2,9,0,4,31,2,12,55,4,15,44,9,19,60,6,19,60,3,17,60
1,1,6,0,0,7,1,2,17,0,2,43,1,3,18,0,1,3,0,9,17,2,7,33,0,10,42,10,22,60,1,4,55,0,3,20
0,2,2,0,2,6,1,4,4,0,3,19,0,3,5,4,4,8,1,4,12,2,5,10,0,8,16,7,30,50,1,12,22,2,2,10
1,2,5,1,3,5,4,7,14,0,3,27,1,4,11,2,5,7,0,0,2,5,13,26,0,8,22,12,37,60,9,19,31,8,23,32
1,3,7,0,2,11,1,3,18,0,5,32,1,2,17,2,3,11,0,2,3,3,10,40,4,13,31,12,32,60,2,12,51,1,6,60
1,3,6,0,7,15,2,5,22,0,6,44,1,6,28,1,6,11,0,6,19,2,21,58,2,16,42,6,28,60,9,25,60,3,31,60
1,1,4,2,2,4,3,3,7,2,4,36,1,2,12,1,1,1,0,0,3,2,7,15,1,1,7,5,14,42,6,7,22,1,6,18
0,1,6,1,2,4,4,11,16,6,47,60,3,20,35,1,4,5,1,10,20,4,13,30,6,19,38,17,59,60,12,60,60,6,19,36
1,4,6,1,4,10,2,8,16,1,10,23,2,11,20,11,31,41,16,29,32,7,21,42,8,34,49,9,27,57,12,47,60,52,60,60
1,4,17,1,4,24,2,9,40,10,33,60,3,15,60,2,8,60,3,5,60,12,29,60,4,27,60,10,37,60,17,43,60,8,23,60
0,1,7,2,6,15,2,3,23,0,0,30,2,2,29,1,1,7,6,7,18,5,5,42,2,9,45,9,24,60,5,8,53,0,3,60
1,2,14,0,3,26,0,1,33,1,17,60,1,3,48,1,4,56,1,2,54,2,11,60,3,10,60,9,33,60,6,16,60,1,25,60
1,2,12,1,1,24,0,1,37,0,4,60,1,3,53,0,4,40,1,1,43,2,9,60,2,10,60,11,26,60,5,12,60,1,4,60
2,3,6,1,6,7,1,11,15,4,9,43,4,12,30,1,5,13,1,11,30,3,18,40,6,31,45,13,40,60,3,40,60,5,47,60
1,2,7,0,3,12,1,6,22,8,22,33,2,8,19,0,2,12,1,3,12,6,11,59,4,12,40,8,36,60,3,15,60,0,10,60
1,3,6,2,3,7,2,6,16,1,2,31,1,3,17,2,5,10,0,0,3,4,12,35,4,11,30,10,41,60,6,18,39,4,22,60
1,1,4,2,2,4,3,3,6,2,2,36,1,2,12,1,1,1,0,0,3,2,7,15,1,1,7,6,14,42,6,7,22,1,6,18
0,0,4,0,1,14,1,8,22,1,4,54,2,5,29,0,3,11,2,8,19,10,23,51,0,2,36,7,25,60,11,22,60,1,53,60
0,2,7,1,3,19,3,5,20,0,1,21,0,3,14,0,0,8,1,3,19,7,15,55,2,9,51,8,28,60,4,10,60,1,17,60
2,5,10,7,19,31,1,5,12,3,15,30,7,16,31,14,60,60,18,49,60,2,21,30,6,29,59,10,35,60,10,41,60,8,42,60
1,3,5,0,3,7,1,3,6,20,28,30,1,9,16,1,12,26,3,10,25,5,28,34,10,35,53,10,48,60,9,34,52,10,28,58
1,3,5,0,3,7,1,3,6,20,28,30,1,9,16,1,12,26,3,10,25,5,28,34,10,35,53,10,48,60,9,34,52,10,28,58
1,2,6,3,7,11,4,5,23,3,24,35,3,11,25,3,4,11,1,2,13,5,16,59,5,9,44,6,22,60,7,22,60,6,60,60
1,2,6,3,3,7,3,7,16,1,2,31,1,4,14,2,4,9,0,0,3,4,14,31,1,7,29,15,40,60,9,21,37,5,22,60
1,3,6,0,5,16,1,5,24,0,2,51,0,2,29,0,4,13,1,5,24,3,10,60,2,14,46,6,21,60,5,20,60,3,9,60
0,2,6,1,1,15,1,6,22,1,3,52,0,3,29,2,3,11,3,6,19,4,24,56,3,14,45,10,28,60,6,28,60,1,51,60
1,3,7,0,0,11,0,2,17,1,3,31,0,2,17,1,3,11,1,2,4,1,9,40,6,9,34,14,29,60,2,8,49,0,3,60
0,1,6,0,1,7,0,3,17,1,1,32,1,1,15,0,2,10,0,0,3,0,4,33,1,1,28,10,29,60,4,14,39,8,14,60
0,0,5,0,4,9,1,2,20,1,12,50,1,7,24,0,2,10,0,1,13,3,14,55,0,2,33,8,25,60,2,12,60,14,59,60
0,2,7,0,7,12,3,5,20,4,21,34,3,8,23,0,3,13,1,2,13,8,15,57,2,12,43,8,27,60,7,14,60,4,15,60
1,2,7,0,0,11,1,5,21,2,22,32,1,5,16,0,1,11,1,2,10,5,12,53,4,11,36,15,33,60,5,13,60,0,4,60
1,2,2,2,4,4,2,6,13,17,60,60,5,16,22,1,4,5,4,6,8,2,6,10,6,15,20,7,38,60,11,34,52,6,12,19
1,1,2,1,3,6,3,4,9,8,14,60,3,5,7,0,2,4,1,2,5,4,7,17,2,8,17,12,33,56,4,15,30,1,2,6
0,3,20,0,3,35,2,12,45,4,28,60,3,19,60,0,2,60,1,12,60,3,13,60,4,27,60,18,46,60,7,44,60,3,24,60
0,3,6,0,6,10,0,6,13,4,17,28,2,15,22,1,19,32,4,31,42,4,22,30,10,25,53,10,38,60,12,42,60,3,60,60
0,3,18,1,4,30,1,8,39,5,23,60,0,10,60,4,8,60,2,8,60,12,33,60,4,26,60,9,31,60,13,51,60,4,47,60
1,1,12,0,1,24,0,0,28,0,3,60,0,1,44,0,3,34,0,1,37,2,3,60,3,5,60,7,23,60,1,8,60,3,3,60
0,3,5,0,6,10,2,6,12,3,7,19,4,13,22,2,12,34,2,10,38,8,19,36,2,15,32,11,31,58,15,43,60,11,43,60
1,2,13,0,3,25,0,3,32,3,18,60,1,4,53,1,6,59,1,3,60,4,13,60,3,11,60,7,32,60,7,26,60,1,27,60
0,0,2,0,1,4,1,3,7,2,21,22,6,13,17,0,1,3,0,0,7,1,4,14,0,4,20,8,19,58,1,1,16,0,0,4
1,3,15,1,4,27,0,6,38,3,35,60,1,9,60,3,8,60,3,6,60,10,28,60,6,15,60,7,37,60,17,39,60,4,11,60
0,2,3,4,10,11,1,3,8,3,4,7,2,4,11,0,11,22,0,12,30,1,9,19,0,4,15,10,29,54,3,13,29,3,7,16
0,2,6,3,5,19,0,3,17,9,10,51,0,6,21,3,7,19,7,8,25,3,9,45,7,14,45,6,33,60,6,21,60,4,29,60
0,0,5,0,1,14,3,9,23,1,9,41,2,7,26,0,2,9,2,7,13,9,26,50,0,4,34,7,26,60,6,27,60,3,59,60
0,0,5,0,4,9,1,2,20,1,14,49,1,7,24,0,3,10,0,1,13,3,14,54,0,2,34,8,24,60,2,12,60,22,58,60
1,1,9,0,2,18,0,2,26,0,10,34,0,5,19,1,2,10,0,5,35,2,12,60,4,9,55,4,21,60,3,19,60,1,33,60
0,2,10,0,2,20,0,1,22,0,8,36,0,1,17,0,1,18,2,5,39,4,11,60,1,13,58,5,19,60,7,16,60,4,9,60
1,2,7,1,2,12,4,5,17,2,9,39,2,3,18,0,0,8,0,4,32,3,11,50,2,8,55,9,37,60,3,11,60,3,5,57
0,0,9,0,2,18,2,3,29,0,2,35,0,0,22,0,0,24,0,7,36,0,6,60,1,3,60,3,24,60,1,6,60,3,6,60
1,2,5,0,3,4,1,3,8,2,25,30,3,9,13,0,13,60,1,9,17,5,27,39,12,29,44,9,48,60,7,33,50,8,27,60
1,1,9,0,2,18,0,2,26,0,10,34,0,5,19,1,2,10,0,5,35,2,12,60,4,9,55,4,21,60,3,19,60,1,33,60
1,1,9,0,2,18,0,2,26,0,10,34,0,5,19,1,2,10,0,5,35,2,12,60,4,9,55,4,21,60,3,19,60,1,33,60
0,0,8,0,2,20,2,2,27,0,2,38,0,0,23,0,0,24,0,10,38,0,11,60,1,3,57,4,21,60,0,6,60,2,7,60
1,1,9,0,2,18,0,2,26,0,10,34,0,5,19,1,2,10,0,5,35,2,12,60,4,9,55,4,21,60,3,19,60,1,33,60
1,1,9,0,2,18,0,2,26,0,10,34,0,5,19,1,2,10,0,5,35,2,12,60,4,9,55,4,21,60,3,19,60,1,33,60
0,2,3,0,2,4,1,1,4,0,19,21,0,3,8,1,3,5,3,8,14,2,16,23,3,20,31,2,19,44,4,13,25,2,10,22
0,1,8,0,0,18,0,3,17,1,1,23,2,2,12,0,0,9,0,2,18,0,10,50,2,6,52,6,24,60,1,8,56,13,17,60
0,2,8,0,3,18,4,5,19,1,2,25,2,3,16,0,0,9,1,1,20,8,14,54,3,9,55,9,28,60,6,9,60,1,18,60
0,1,2,1,6,14,5,13,15,1,3,6,1,9,15,1,7,13,0,6,6,6,24,34,5,16,23,3,55,60,8,30,42,1,23,30
0,0,0,2,3,6,1,6,11,0,0,2,1,4,7,0,1,4,0,0,0,4,9,20,2,2,3,5,32,40,4,13,28,1,5,11
0,2,4,2,12,15,1,3,4,3,13,27,2,10,19,15,23,31,15,23,48,2,10,22,2,24,39,3,22,40,1,13,32,18,41,60
1,1,3,5,10,13,2,7,10,0,10,12,2,8,12,6,14,28,5,12,25,7,20,29,6,18,31,15,34,60,3,15,23,12,37,44
1,4,6,0,8,15,0,6,9,4,30,44,6,22,40,0,2,5,1,19,25,7,18,25,3,23,49,7,39,60,10,39,60,7,27,60
0,0,1,2,6,16,0,7,17,0,3,4,3,10,20,1,4,5,0,0,0,5,11,23,0,11,17,10,47,60,9,29,45,4,5,24
0,0,0,2,3,8,2,6,12,0,0,2,1,4,7,0,1,4,0,0,0,4,11,22,2,2,4,7,31,41,4,15,29,1,5,13
1,1,2,0,4,6,1,3,7,1,13,15,1,2,7,0,7,13,0,6,9,1,6,13,4,11,15,8,35,59,2,16,35,0,8,22
1,1,2,0,4,6,1,3,7,1,13,15,1,2,7,0,7,13,0,6,9,1,6,13,4,11,15,8,35,59,2,16,35,0,8,22
0,0,8,1,2,15,2,7,27,2,12,45,1,9,32,0,1,6,0,0,5,6,12,39,0,3,47,8,30,60,6,18,60,3,5,31
0,1,4,3,4,13,2,8,14,0,7,16,3,12,26,1,5,8,0,2,5,2,14,27,3,9,26,12,34,60,9,41,60,0,27,39
0,1,10,3,3,20,5,8,34,4,15,60,1,4,34,1,2,11,0,0,10,4,8,55,0,8,60,6,32,60,6,27,60,2,20,60
1,2,4,0,2,6,3,8,16,6,21,41,3,15,26,2,4,7,1,7,10,3,15,26,5,15,25,17,51,60,15,60,60,5,24,43
1,1,2,1,2,8,2,5,8,0,11,37,2,4,6,0,2,4,1,2,2,5,10,22,3,4,21,8,35,54,3,21,38,1,2,12
0,2,8,0,2,17,0,7,26,0,8,47,0,5,30,0,0,6,0,0,5,1,4,45,0,12,51,3,27,60,4,14,60,1,18,42
0,1,12,2,4,22,3,6,46,7,57,60,3,7,54,1,3,23,1,3,19,4,7,60,1,8,60,10,39,60,8,9,60,0,1,60
1,2,10,0,7,24,2,12,38,2,5,60,0,5,45,1,2,13,1,1,15,5,15,60,2,12,57,12,37,60,14,34,60,3,13,60
0,0,5,0,3,10,2,4,22,3,19,41,3,10,28,1,1,3,0,0,3,6,10,29,0,3,33,8,23,60,8,23,55,0,6,28
1,5,6,2,12,17,3,12,14,7,21,25,4,13,20,4,42,60,1,14,43,3,18,29,6,18,26,11,38,59,17,38,60,8,47,60
0,3,7,2,11,21,1,5,7,6,26,37,9,21,33,0,10,49,1,15,29,4,16,24,0,26,54,14,34,60,13,39,60,5,38,60
1,2,5,6,12,17,5,9,13,1,6,21,5,12,18,4,10,17,2,12,26,0,10,27,7,13,27,4,21,46,8,28,48,4,18,38
1,2,3,4,11,17,1,5,10,6,10,14,2,10,21,6,25,29,5,23,28,10,21,29,7,28,35,12,39,60,9,14,25,30,38,42
1,2,3,4,11,17,1,5,10,6,10,14,2,10,21,6,25,29,5,23,28,10,21,29,7,28,35,12,39,60,9,14,25,30,38,42
1,2,3,4,11,17,1,5,10,6,10,14,2,10,21,6,25,29,5,23,28,10,21,29,7,28,35,12,39,60,9,14,25,30,38,42
1,4,4,3,10,12,1,6,8,4,30,36,8,19,29,0,3,31,0,16,27,3,18,27,3,23,40,11,35,60,12,41,60,6,21,60
1,1,2,5,9,12,1,7,9,0,7,11,1,6,10,6,8,24,3,6,24,6,17,27,2,12,28,12,32,51,3,14,22,11,33,42
1,1,2,5,8,12,1,7,10,0,7,11,1,6,10,6,8,24,3,6,24,6,17,27,2,12,28,13,32,51,3,14,22,11,33,42
1,1,2,5,9,12,1,7,9,0,7,11,1,6,10,6,8,24,3,6,24,6,17,27,2,12,28,12,33,51,3,14,22,11,33,42
1,1,2,5,9,12,1,7,9,0,7,11,1,6,10,6,8,24,3,6,24,6,17,27,2,12,28,12,32,51,3,14,22,11,33,42
1,1,2,5,8,12,1,7,10,0,7,11,1,6,10,6,8,24,3,6,24,6,17,27,2,12,28,13,32,51,3,14,22,11,33,42
1,1,2,5,9,12,1,7,9,0,7,11,1,6,10,6,8,24,3,6,24,6,17,27,2,12,28,12,33,51,3,14,22,11,33,42
2,5,7,1,15,20,1,10,15,5,22,28,3,17,29,27,56,60,5,29,51,3,20,35,4,19,37,13,38,60,12,47,60,19,59,60
1,2,11,0,1,21,1,2,25,0,9,60,1,3,36,0,1,24,1,9,54,3,10,60,1,11,60,11,25,60,4,11,60,2,6,60
1,1,7,1,2,10,1,6,18,2,4,37,2,3,19,0,0,7,0,4,26,3,11,48,3,6,52,10,36,60,2,10,60,1,5,36
1,2,6,1,3,11,1,3,14,0,1,31,0,0,10,1,3,6,0,0,9,2,6,41,2,8,37,12,31,60,5,11,52,1,5,60
1,2,6,1,4,13,0,6,11,7,20,48,1,11,23,4,42,60,7,18,30,3,20,28,10,27,51,7,54,60,12,40,60,8,31,55
1,4,5,0,3,4,2,7,9,3,25,34,5,9,14,3,38,60,3,15,20,5,28,43,13,32,45,8,46,60,8,33,60,10,32,60
1,5,7,0,11,17,1,11,15,13,22,26,2,10,24,13,49,60,4,15,38,3,17,30,8,18,30,12,40,60,16,45,60,24,49,60
0,2,7,1,2,14,2,4,23,0,5,39,0,3,22,0,1,9,3,9,39,4,11,60,4,8,57,10,43,60,2,8,60,0,5,60
0,1,14,0,1,21,0,3,27,9,16,60,2,5,44,0,3,53,0,2,50,1,12,60,0,7,60,6,27,60,0,17,60,2,25,60
1,3,6,1,6,11,0,6,10,2,7,14,1,10,18,3,16,33,13,36,39,3,14,28,7,20,31,6,36,58,6,22,57,6,18,45
1,2,9,1,2,22,5,8,21,1,1,17,3,7,27,1,13,37,0,4,60,5,13,55,4,10,52,11,49,60,10,26,60,16,24,50
0,2,4,0,2,4,2,5,9,3,5,9,0,6,13,4,9,19,3,7,27,4,19,29,2,17,27,8,42,60,10,29,46,3,16,34
1,2,3,0,2,7,0,6,10,2,7,9,1,6,13,6,9,13,1,7,20,4,21,33,1,12,25,11,33,60,10,28,53,5,13,42
2,3,4,2,4,5,2,8,13,0,1,4,1,7,8,4,10,15,3,8,13,3,18,23,9,14,20,16,44,60,9,22,46,16,25,30
1,2,4,0,3,4,5,10,14,7,60,60,6,19,32,2,5,5,1,9,12,5,9,16,5,20,27,15,47,60,32,50,60,9,16,24
1,2,15,1,2,26,0,2,38,1,12,60,1,5,53,2,4,54,1,2,53,2,12,60,3,11,60,11,30,60,7,16,60,1,8,60
1,3,5,1,15,24,2,9,14,1,12,18,2,13,35,0,13,24,0,9,27,6,24,33,7,36,49,24,50,60,3,26,43,3,26,52
0,0,4,0,0,15,1,8,22,0,3,43,3,5,28,1,1,10,2,5,15,4,16,45,0,0,34,1,17,60,9,18,60,1,34,60
0,0,5,0,1,8,0,2,16,1,1,34,0,1,17,0,0,11,0,0,3,0,3,39,1,1,26,7,24,60,2,9,47,8,12,60
1,2,6,3,3,7,2,8,17,0,2,31,1,3,15,0,5,10,0,0,3,3,12,33,2,9,30,11,43,60,6,20,39,5,22,60
0,1,8,2,4,19,1,2,24,0,2,33,1,2,29,2,7,32,1,12,30,3,7,59,0,8,60,6,29,60,3,11,60,0,7,60
1,2,6,0,5,15,1,4,24,1,2,50,0,2,29,1,3,15,2,5,24,2,12,60,5,14,46,8,27,60,4,20,60,2,25,60
0,0,4,0,0,15,1,8,22,0,3,44,3,5,28,1,1,10,2,5,15,4,16,46,0,0,34,2,17,60,9,18,60,1,34,60
0,0,4,0,0,16,1,5,23,1,5,59,1,6,29,1,1,9,1,5,15,1,12,49,0,0,43,0,9,60,3,12,60,1,4,60
1,2,7,0,0,11,1,4,18,1,14,32,1,5,14,0,0,11,0,2,10,5,9,49,4,9,41,13,26,60,5,9,59,1,4,60
0,1,5,1,1,4,0,2,11,2,3,23,1,2,9,0,2,7,0,0,0,0,5,21,2,4,18,3,11,60,0,2,26,0,1,27
0,0,3,1,1,9,0,3,18,0,4,54,4,5,21,1,1,8,0,2,10,2,9,43,0,0,20,3,19,60,4,9,58,1,4,60
1,2,7,0,3,12,1,6,22,8,22,33,2,8,19,0,2,12,1,3,12,6,11,59,4,12,40,8,36,60,3,15,60,0,10,60
1,2,5,3,5,17,1,4,19,2,10,40,0,7,22,3,5,14,6,8,24,2,7,43,8,14,43,5,34,60,9,24,60,4,30,60
2,7,9,1,23,31,3,6,12,5,13,32,5,20,28,4,60,60,17,51,60,5,19,24,3,37,53,8,34,57,7,44,60,8,49,60
0,0,0,2,4,7,4,7,11,0,1,2,1,3,8,0,2,5,0,0,1,5,13,23,2,3,7,8,31,42,5,17,31,2,8,13
1,5,7,1,7,14,1,7,10,5,21,48,2,26,40,0,0,2,2,13,24,7,18,28,5,25,48,6,38,60,8,44,60,5,28,60
1,2,7,3,4,17,1,2,20,1,18,34,0,3,13,2,6,6,1,1,22,6,8,53,7,13,44,5,22,60,10,16,57,10,31,60
1,2,8,0,3,18,3,6,20,1,2,25,2,3,16,0,0,9,1,1,19,6,13,52,2,9,54,8,23,60,5,9,60,14,18,60
2,2,9,0,2,19,4,6,21,0,2,25,1,3,17,0,0,11,0,1,21,5,11,56,5,10,60,6,29,60,4,8,60,1,18,60
1,2,7,2,4,19,1,4,20,1,9,32,0,1,12,0,4,6,0,1,17,2,9,55,3,11,46,7,27,60,6,14,60,0,28,60
1,2,6,1,3,4,1,6,7,2,11,43,5,11,12,3,54,60,1,13,21,8,30,38,5,23,39,9,42,60,11,33,60,12,47,60
0,0,0,0,0,7,0,0,7,0,0,18,0,0,9,0,0,2,0,0,3,0,0,8,0,2,18,1,2,60,0,0,18,0,0,2
1,2,6,3,7,11,4,5,23,3,24,35,3,11,25,3,4,11,1,2,13,5,16,59,5,9,44,6,22,60,7,22,60,6,60,60
0,1,4,0,1,8,1,2,14,1,1,32,0,1,15,0,1,9,0,0,3,0,4,31,1,1,24,10,23,60,3,10,35,8,12,59
1,4,6,2,2,6,3,8,12,3,10,18,3,11,17,7,30,49,2,20,50,9,25,41,11,31,51,6,30,57,15,50,60,36,60,60
1,3,16,1,2,26,2,5,41,5,33,60,1,11,60,2,6,60,2,5,60,9,20,60,4,14,60,3,33,60,8,38,60,3,11,60
1,4,6,0,3,8,3,5,13,4,8,19,1,13,23,14,32,42,7,23,39,3,22,36,9,29,48,3,26,58,17,52,60,47,60,60
1,4,5,4,4,9,2,7,11,1,23,38,3,16,31,0,3,9,4,11,29,2,17,26,7,25,44,10,38,60,6,36,60,7,27,60
1,2,16,0,2,28,1,4,40,3,30,60,1,9,60,3,7,60,1,4,60,8,21,60,5,12,60,6,33,60,12,32,60,2,9,60
1,2,7,0,3,12,1,5,9,3,7,13,2,11,16,4,20,31,12,31,42,3,16,30,8,20,33,8,39,60,12,26,53,8,16,36
0,0,6,1,1,18,1,2,17,0,0,18,1,1,34,2,2,20,0,4,33,3,6,57,1,1,54,6,14,60,4,5,60,2,4,60
1,2,7,0,0,11,1,5,19,1,15,32,1,6,15,0,0,12,1,2,11,3,11,53,4,10,41,14,29,60,6,10,59,1,4,60
1,2,6,0,5,15,1,4,24,1,2,50,0,2,29,1,3,15,2,5,24,2,12,60,5,14,46,8,27,60,4,20,60,2,25,60
1,2,6,0,5,15,1,4,24,1,2,50,0,2,29,1,3,15,2,5,24,2,12,60,5,14,46,8,27,60,5,20,60,2,25,60
1,2,6,0,5,15,1,4,24,1,2,50,0,2,29,1,3,15,2,5,24,2,12,60,5,14,46,8,27,60,5,20,60,2,25,60
1,2,6,0,5,15,1,4,24,1,2,50,0,2,29,1,3,15,2,5,24,2,12,60,5,14,46,8,27,60,4,20,60,2,25,60
0,0,7,1,1,18,1,1,19,0,0,17,1,1,27,0,2,18,0,2,29,2,5,53,1,4,45,6,13,60,3,5,60,1,2,56
1,3,4,0,3,4,1,6,8,1,23,31,4,8,12,0,15,60,2,9,16,8,26,39,10,27,37,10,38,60,7,29,52,8,23,54
0,4,7,3,10,23,0,5,8,7,26,49,9,23,41,0,3,46,1,18,33,3,16,21,1,28,59,8,37,60,15,40,60,3,45,60
0,2,5,0,2,14,2,5,23,0,1,50,0,3,32,0,2,15,0,3,23,3,11,52,2,18,38,10,33,60,5,31,60,29,35,60
0,0,6,1,1,11,1,4,20,0,8,43,0,3,26,0,0,14,0,0,21,0,4,50,0,4,39,10,29,60,5,17,60,1,31,60
0,0,6,0,4,12,0,3,21,0,16,49,1,8,24,0,3,11,0,1,13,2,13,58,0,4,36,5,21,60,0,11,60,28,57,60
1,2,6,1,1,15,1,5,25,2,2,52,0,2,29,2,3,17,4,4,22,3,11,60,10,18,44,13,23,60,5,32,60,1,29,60
1,3,6,1,5,16,1,5,24,0,2,50,0,3,28,1,5,13,0,6,23,5,12,60,2,15,45,7,21,60,5,22,60,3,12,60
1,2,7,0,0,11,1,6,20,1,15,32,1,5,17,0,0,12,1,2,11,5,9,52,4,11,41,14,26,60,7,13,60,1,6,60
1,2,5,0,4,4,5,6,12,0,4,26,2,5,10,2,6,7,0,0,2,5,15,23,0,9,23,13,31,60,6,18,30,6,14,23
1,1,10,0,3,25,1,3,23,0,10,48,0,2,33,4,6,55,2,8,33,3,5,60,0,7,60,9,28,60,1,10,60,2,4,60
0,0,5,1,2,9,0,4,22,3,18,39,1,9,28,1,1,3,0,0,4,8,10,28,0,3,33,9,28,60,7,21,60,2,6,27
1,3,6,0,4,6,2,6,13,6,11,29,3,9,21,13,36,44,21,33,39,8,22,28,8,27,52,10,35,58,10,60,60,25,60,60
1,4,7,0,3,6,2,7,10,1,9,18,2,12,19,6,29,51,2,19,57,9,25,39,9,32,51,5,27,57,15,45,60,37,60,60
1,4,6,1,7,8,1,7,14,2,21,25,2,11,21,4,23,37,8,26,43,5,17,32,8,36,54,11,32,60,12,45,60,15,60,60
1,3,20,1,4,32,2,11,43,4,17,60,3,13,60,1,3,60,2,7,60,3,15,60,6,26,60,12,42,60,6,46,60,9,37,60
0,1,2,4,5,6,3,7,10,1,4,7,2,3,12,0,6,10,1,2,11,8,21,27,2,6,15,10,39,56,12,22,42,4,23,37
0,3,4,0,3,3,2,5,9,4,8,9,1,7,14,5,10,21,2,15,29,2,20,30,3,20,29,7,36,60,12,30,51,3,16,33
0,1,2,0,10,10,2,2,5,2,14,21,2,4,8,0,2,13,0,1,15,3,5,8,0,3,8,8,23,43,5,10,16,0,23,24
0,2,5,4,10,10,3,9,13,2,4,12,4,15,17,0,7,13,1,14,18,7,22,32,1,20,28,17,43,60,10,40,60,14,45,60
0,4,4,2,6,10,2,5,9,0,26,30,4,11,19,1,8,13,8,17,20,5,16,28,5,26,33,18,42,60,6,29,60,17,45,60
0,3,4,4,10,12,3,5,10,2,6,9,2,9,17,3,18,27,1,31,33,5,18,24,1,17,27,7,37,60,7,22,39,4,16,24
0,4,5,0,3,7,0,5,12,3,9,15,5,13,18,1,18,35,4,14,37,1,17,35,0,15,36,6,31,54,7,44,60,11,48,60
0,1,3,1,2,3,1,2,3,0,0,22,0,4,7,0,1,3,3,7,8,10,15,24,1,16,28,3,18,43,2,11,25,1,9,20
1,3,6,0,3,11,3,5,9,11,19,24,3,9,16,8,37,54,1,8,16,7,18,31,3,18,34,10,47,60,16,35,53,19,40,57
1,3,5,0,6,11,1,6,11,11,18,31,2,12,24,2,20,60,9,23,37,3,19,28,7,28,45,8,51,60,12,50,60,4,32,60
1,2,7,1,3,11,3,5,21,5,8,42,1,3,15,0,0,8,1,3,32,4,13,57,5,9,48,7,29,60,9,17,60,4,11,58
0,1,6,0,1,10,0,1,14,0,9,34,1,2,12,1,2,6,0,1,11,2,7,36,0,7,38,4,17,60,3,9,52,0,11,60
1,3,5,0,4,10,0,4,10,20,26,35,0,9,20,2,9,23,2,19,24,5,18,35,6,33,52,16,48,60,11,28,52,11,39,52
1,2,9,0,1,15,2,2,25,9,11,60,3,3,28,0,1,18,1,7,39,8,11,60,3,10,60,9,25,60,10,10,60,1,4,60
1,4,6,2,4,19,2,7,13,4,19,27,4,13,21,34,60,60,6,16,34,7,20,29,1,22,42,10,46,60,8,41,60,28,55,60
0,0,7,0,1,15,0,3,18,0,1,14,0,2,13,0,0,8,1,2,19,1,12,51,2,4,48,8,21,60,0,6,56,0,15,60
0,1,6,0,1,10,1,2,17,0,9,34,0,2,12,1,2,6,0,1,13,2,7,40,0,7,35,6,23,60,3,11,52,0,12,60
0,0,12,0,1,23,0,1,31,0,13,35,0,4,20,0,0,20,0,1,38,2,3,60,1,1,60,6,24,60,1,5,60,0,22,60
0,0,7,0,1,15,0,3,18,0,1,14,0,2,13,0,0,8,1,2,19,0,12,51,2,4,48,8,21,60,0,6,56,0,16,60
0,2,7,0,3,12,3,5,20,0,10,48,0,3,17,0,0,6,1,3,33,4,13,51,0,9,51,10,32,60,6,13,60,5,9,57
1,2,7,3,3,13,0,3,18,0,1,31,0,0,10,2,3,6,0,1,10,2,7,45,4,8,45,10,26,60,4,12,59,2,13,60
1,2,3,0,2,5,0,6,8,1,7,37,3,10,11,1,31,57,0,12,17,9,29,36,9,18,32,8,37,60,6,29,45,8,30,58
0,1,10,1,2,22,0,2,30,1,18,34,3,4,18,0,2,11,0,3,35,0,8,60,0,8,60,3,17,60,3,14,60,14,32,60
1,1,2,5,9,12,1,7,9,0,7,11,1,6,10,6,8,24,3,6,24,6,17,27,2,12,28,12,33,51,3,14,22,11,33,42
1,1,2,5,9,12,1,7,9,0,7,11,1,6,10,6,8,24,3,6,24,6,17,27,2,12,28,12,32,51,3,14,22,11,33,42
1,1,2,5,8,12,1,7,10,0,7,11,1,6,10,6,8,24,3,6,24,6,17,27,2,12,28,13,32,51,3,14,22,11,33,42
1,1,2,5,9,12,1,7,9,0,7,11,1,6,10,6,8,24,3,6,24,6,17,27,2,12,28,12,33,51,3,14,22,11,33,42
1,1,2,5,9,12,1,7,9,0,7,11,1,6,10,6,8,24,3,6,24,6,17,27,2,12,28,12,32,51,3,14,22,11,33,42
1,1,2,5,8,12,1,7,10,0,7,11,1,6,10,6,8,24,3,6,24,6,17,27,2,12,28,13,32,51,3,14,22,11,33,42
1,1,2,5,9,12,1,7,9,0,7,11,1,6,10,6,8,24,3,6,24,6,17,27,2,12,28,12,33,51,3,14,22,11,33,42
1,1,2,5,9,12,1,7,9,0,7,11,1,6,10,6,8,24,3,6,24,6,17,27,2,12,28,12,33,51,3,14,22,11,33,42
1,1,2,5,8,12,1,7,10,0,7,11,1,6,10,6,8,24,3,6,24,6,17,27,2,12,28,13,32,51,3,14,22,11,33,42
1,1,2,5,9,12,1,7,9,0,7,11,1,6,10,6,8,24,3,6,24,6,17,27,2,12,28,12,33,51,3,14,22,11,33,42
1,1,2,5,9,12,1,7,9,0,7,11,1,6,10,6,8,24,3,6,24,6,17,27,2,12,28,12,33,51,3,14,22,11,33,42
1,1,2,5,9,12,1,7,9,0,7,11,1,6,10,6,8,24,3,6,24,6,17,27,2,12,28,12,33,51,3,14,22,11,33,42
1,1,2,5,9,12,1,7,9,0,7,11,1,6,10,6,8,24,3,6,24,6,17,27,2,12,28,12,33,51,3,14,22,11,33,42
1,1,2,5,9,12,1,7,9,0,7,11,1,6,10,6,8,24,3,6,24,6,17,27,2,12,28,12,32,51,3,14,22,11,33,42
1,1,2,5,8,12,1,7,10,0,7,11,1,6,10,6,8,24,3,6,24,6,17,27,2,12,28,13,32,51,3,14,22,11,33,42
1,1,2,5,9,12,1,7,9,0,7,11,1,6,10,6,8,24,3,6,24,6,17,27,2,12,28,12,33,51,3,14,22,11,33,42
1,1,2,5,9,12,1,7,9,0,7,11,1,6,10,6,8,24,3,6,24,6,17,27,2,12,28,12,33,51,3,14,22,11,33,42
1,1,2,5,9,12,1,7,9,0,7,11,1,6,10,6,8,24,3,6,24,6,17,27,2,12,28,12,32,51,3,14,22,11,33,42
1,1,2,5,8,12,1,7,10,0,7,11,1,6,10,6,8,24,3,6,24,6,17,27,2,12,28,13,32,51,3,14,22,11,33,42
1,1,2,5,9,12,1,7,9,0,7,11,1,6,10,6,8,24,3,6,24,6,17,27,2,12,28,12,33,51,3,14,22,11,33,42
1,1,2,5,9,12,1,7,9,0,7,11,1,6,10,6,8,24,3,6,24,6,17,27,2,12,28,12,33,51,3,14,22,11,33,42
1,1,2,5,9,12,1,7,9,0,7,11,1,6,10,6,8,24,3,6,24,6,17,27,2,12,28,12,32,51,3,14,22,11,33,42
1,1,2,5,8,12,1,7,10,0,7,11,1,6,10,6,8,24,3,6,24,6,17,27,2,12,28,13,32,51,3,14,22,11,33,42
1,2,3,5,11,17,1,6,11,4,10,12,1,9,20,6,22,29,5,23,27,9,21,29,7,28,35,12,41,60,9,14,27,15,38,44
2,4,8,3,20,33,0,5,9,0,20,27,2,20,31,2,20,49,19,57,60,7,15,19,8,33,54,10,28,48,5,34,53,13,39,60
0,5,7,1,13,24,1,5,9,11,24,50,7,26,45,0,1,31,0,15,35,3,16,23,2,30,59,6,36,60,10,41,60,3,46,60
0,2,4,2,10,16,1,3,6,4,9,24,2,9,16,11,24,29,14,22,40,2,10,19,1,23,38,5,19,33,1,11,27,19,39,60
0,1,1,2,7,9,3,5,7,0,1,2,1,3,5,0,7,10,0,4,6,2,10,19,1,8,13,16,33,51,1,8,16,1,13,22
1,4,6,2,7,12,0,7,7,3,29,42,6,18,40,0,2,4,2,17,24,5,18,28,5,19,48,8,40,59,10,38,60,9,22,54
1,5,8,8,21,26,4,9,12,3,10,27,7,19,23,3,37,60,8,46,60,7,16,26,1,24,47,10,32,55,10,38,60,8,49,60
1,3,4,1,5,12,4,7,15,4,22,28,4,17,33,1,5,8,1,8,12,7,12,29,5,18,28,13,43,60,22,52,60,18,26,39
0,0,10,0,1,20,2,7,35,4,12,55,3,8,38,1,1,10,0,0,8,1,5,60,2,6,52,4,26,60,3,12,60,0,2,60
0,2,4,0,4,13,1,8,14,0,9,21,3,10,23,1,7,8,0,2,4,1,18,30,1,10,17,13,32,57,9,44,60,0,24,42
1,1,2,1,3,6,3,4,9,8,14,60,3,5,7,0,2,4,1,2,5,4,7,17,2,8,17,12,33,56,4,15,30,1,2,6
1,3,9,1,4,18,1,6,30,7,7,60,1,3,38,0,1,8,0,0,4,1,5,46,4,10,54,4,21,60,3,14,60,15,17,46
1,3,4,0,2,12,3,10,15,9,22,29,2,17,31,0,3,6,2,8,13,7,18,28,5,18,34,11,46,60,24,56,60,9,27,47
0,0,3,0,1,4,0,1,8,0,0,25,0,5,16,0,0,1,0,0,2,0,1,14,1,2,21,9,14,60,0,0,28,0,0,10
0,0,3,1,1,6,1,2,11,0,13,20,5,11,17,0,0,1,0,0,0,1,2,16,0,1,24,10,21,60,0,5,37,0,1,8
0,0,1,2,4,9,6,9,11,0,1,2,2,6,11,0,5,6,0,1,3,4,21,25,2,6,17,9,27,60,8,26,34,3,11,14
0,2,3,2,10,15,1,3,9,3,8,12,1,8,12,5,25,29,2,23,26,3,17,24,0,23,32,12,35,52,6,14,17,25,37,41
0,0,0,0,3,6,0,7,12,0,1,2,1,3,5,2,4,5,0,1,2,2,10,24,0,3,9,10,35,51,3,11,23,5,8,12
0,0,1,2,4,7,6,10,12,1,2,2,2,6,8,1,5,7,0,1,5,5,19,26,0,8,17,7,29,60,9,21,30,7,9,18
0,1,1,1,6,8,4,11,12,1,2,2,1,5,7,4,6,9,1,3,6,6,19,29,0,10,16,7,35,60,9,20,27,7,10,19
0,1,2,1,6,19,5,10,16,1,2,6,3,10,16,1,7,13,0,6,6,7,24,33,3,17,24,3,55,60,8,29,42,0,17,30
1,3,6,0,5,15,3,6,10,15,19,24,3,9,14,7,37,52,2,9,14,6,16,26,4,15,29,8,46,60,11,38,53,18,42,58
0,0,11,0,1,21,0,1,25,1,11,32,0,3,18,0,0,12,0,1,35,1,4,60,0,3,60,7,23,60,0,4,60,0,18,60
0,1,2,1,2,4,1,4,10,0,0,2,0,2,6,2,4,9,1,16,21,2,11,28,0,11,15,11,35,57,3,12,29,3,6,28
2,5,7,2,7,19,2,8,14,4,21,26,3,14,25,34,60,60,6,24,37,5,20,31,3,23,46,12,42,60,12,43,60,25,56,60
1,3,4,1,3,7,2,6,10,3,35,46,1,9,17,8,36,60,3,17,31,5,15,30,14,33,48,12,50,60,14,44,60,12,33,60
0,2,3,0,7,10,3,7,14,4,8,16,4,13,21,2,7,26,2,12,23,9,25,34,3,11,24,11,41,60,18,47,60,22,48,60
1,2,8,1,1,22,4,8,21,1,1,16,3,6,26,0,12,35,0,5,60,5,12,55,3,11,52,9,49,60,7,23,60,15,22,50
1,2,3,0,3,8,2,10,15,0,3,6,3,11,13,6,11,14,0,3,8,7,16,22,4,10,18,14,44,60,13,34,44,9,28,34
1,3,15,1,4,27,0,6,38,3,35,60,1,9,60,3,8,60,3,6,60,10,28,60,6,15,60,7,37,60,17,39,60,4,11,60
1,4,4,0,6,9,0,8,11,21,28,34,2,12,22,3,10,22,8,19,27,6,18,33,5,30,44,17,48,60,7,36,60,20,39,60
1,3,5,1,5,13,2,7,13,1,4,7,3,9,16,5,15,26,0,14,33,9,23,26,3,16,29,14,44,60,14,33,46,7,19,36
0,2,12,1,2,19,1,4,26,15,20,60,2,6,49,1,6,59,1,3,60,0,14,60,2,13,60,5,30,60,3,23,60,19,25,60
1,3,4,2,4,5,3,8,12,0,3,7,4,9,12,3,14,21,4,8,20,7,20,28,9,19,25,14,46,60,5,39,54,5,32,40
0,0,10,0,1,18,0,2,19,2,6,45,2,3,31,0,2,38,0,0,39,3,4,60,0,1,60,5,15,60,1,6,60,0,10,60
0,3,5,1,4,10,1,5,11,2,24,30,2,10,15,2,19,30,3,18,35,9,29,45,7,29,41,9,38,57,13,34,60,5,58,60
1,1,3,0,4,7,1,6,11,2,7,10,1,6,13,6,8,11,1,6,20,6,21,33,2,9,25,11,34,60,10,31,54,5,30,40
0,2,3,3,8,10,3,9,12,2,6,11,0,16,17,0,8,14,1,16,21,11,25,36,4,16,22,14,42,60,15,41,60,13,44,59
1,3,7,1,4,6,2,7,11,4,12,29,5,9,22,12,36,45,20,34,44,8,22,29,8,31,55,11,32,58,9,60,60,25,60,60
1,1,17,0,1,21,1,8,44,29,60,60,7,21,60,0,3,57,2,4,60,2,16,60,6,13,60,8,39,60,14,29,60,2,17,60
2,2,6,0,3,8,0,7,12,3,8,18,0,13,24,14,28,43,7,25,42,3,20,37,6,20,44,4,28,53,23,46,60,24,60,60
0,4,17,0,4,29,2,9,40,4,25,60,0,11,60,2,9,60,1,8,60,12,31,60,3,30,60,9,31,60,14,51,60,6,28,60
0,1,5,0,1,11,2,7,22,1,8,44,1,8,27,0,5,8,1,5,12,8,23,52,0,2,35,5,25,60,3,27,60,19,51,60
0,0,5,2,3,17,0,2,17,0,2,21,2,6,20,1,4,13,0,9,25,3,9,45,0,3,42,7,26,60,1,14,60,3,28,60
0,0,4,0,1,11,4,7,21,2,5,55,3,9,26,1,2,8,2,5,12,5,21,51,0,0,31,7,27,60,4,19,60,4,29,60
2,3,7,0,2,11,0,5,15,1,2,30,0,2,15,3,4,10,0,0,3,5,9,32,10,11,30,2,28,60,5,11,40,4,10,58
0,1,3,0,2,5,0,3,5,1,2,36,0,2,11,0,1,1,0,0,3,2,2,24,0,1,5,8,15,41,4,6,19,2,2,19
0,1,5,0,1,5,2,4,13,1,1,26,0,2,10,0,2,7,0,0,2,1,6,27,1,1,22,10,27,60,4,13,29,8,15,50
1,2,6,3,5,17,1,3,19,1,10,40,0,6,22,1,3,14,6,8,25,2,8,47,11,14,45,11,27,60,8,24,60,1,30,60
1,2,5,3,3,7,3,7,16,0,2,27,1,5,13,2,5,8,0,0,3,4,13,30,2,8,29,12,41,60,9,20,37,9,23,54
1,2,5,3,3,7,3,7,16,0,2,29,1,4,14,2,4,8,0,0,3,4,13,31,2,8,27,13,40,60,10,21,36,8,23,56
1,2,6,4,7,11,2,6,23,0,4,34,1,7,26,0,4,12,0,2,15,4,15,60,2,8,45,5,20,60,6,22,60,6,13,60
1,3,6,0,1,8,1,2,16,0,1,29,0,1,21,0,0,2,0,0,2,1,2,21,5,13,27,4,20,60,3,11,47,1,1,26
0,1,10,0,8,21,4,10,36,3,20,60,1,7,36,0,2,13,0,1,8,2,14,60,0,12,57,6,28,60,11,33,60,1,13,60
0,0,10,0,3,21,2,3,28,2,2,36,0,1,20,0,0,24,0,9,36,0,11,60,2,3,60,3,20,60,0,5,60,4,5,60
1,2,6,0,5,15,1,4,24,1,2,50,0,2,29,1,3,15,2,5,24,2,12,60,5,14,46,8,27,60,4,20,60,2,25,60
1,2,6,4,7,11,2,6,23,0,4,34,1,7,26,0,4,12,0,2,15,4,15,60,2,8,45,5,20,60,6,22,60,6,13,60
1,2,7,4,7,11,3,6,22,0,15,34,2,9,25,1,4,11,0,2,14,5,18,59,3,9,45,6,16,60,6,22,60,6,21,60
0,0,4,1,1,4,0,3,12,3,3,7,2,4,7,2,4,7,0,0,0,1,7,19,2,2,17,2,23,60,2,7,25,0,4,23
0,0,5,1,1,14,2,4,21,0,8,46,1,3,27,0,0,12,0,0,21,0,4,49,0,2,41,8,20,60,5,13,60,1,31,60
1,4,4,2,4,10,1,4,9,1,25,30,3,10,16,3,9,13,7,18,22,5,15,30,8,25,38,13,43,60,7,25,53,20,32,58
0,4,5,0,4,9,0,8,13,1,10,17,5,13,24,2,24,36,1,17,44,4,18,36,0,17,38,11,25,57,14,56,60,13,57,60
1,2,8,1,1,22,4,8,22,1,1,15,3,6,26,0,10,34,0,5,60,7,11,55,2,15,50,10,45,60,6,26,60,14,22,50
1,2,14,1,3,25,0,4,36,3,26,60,1,4,60,2,7,60,2,5,60,10,20,60,6,14,60,7,36,60,13,31,60,2,26,60
1,3,6,1,7,9,1,7,12,4,19,27,1,14,20,5,23,39,7,29,44,5,20,27,8,30,51,10,33,60,13,46,60,7,60,60
1,4,8,2,4,5,3,8,12,2,12,19,3,8,18,5,32,40,2,23,29,8,26,44,12,34,50,9,31,59,12,52,60,37,60,60
0,0,5,0,1,8,0,2,16,1,1,40,0,1,18,0,0,11,0,0,3,0,2,38,1,1,26,6,23,60,3,6,45,8,12,60
1,3,8,2,5,18,1,6,22,0,0,20,1,1,28,0,0,10,0,1,22,5,15,55,4,15,55,9,31,60,2,12,60,2,5,60
1,2,7,1,4,8,1,6,11,7,32,45,3,9,22,8,21,40,4,20,50,6,16,37,9,34,55,14,48,60,11,50,60,10,41,60
1,2,5,6,12,17,5,9,13,1,6,21,5,12,18,4,10,17,2,12,26,0,10,27,7,13,27,4,21,46,8,28,48,4,18,38
1,5,5,2,11,15,2,11,14,11,22,23,2,10,16,4,28,47,2,12,18,3,15,22,8,20,21,8,32,60,14,38,50,6,36,54
1,3,6,0,6,9,2,6,11,6,21,47,3,23,41,0,0,2,6,13,24,7,20,31,7,26,38,4,45,60,14,44,60,10,22,55
2,5,7,2,18,25,2,12,14,6,19,29,4,21,26,15,60,60,3,34,57,1,20,36,3,17,41,12,38,60,5,45,60,17,52,60
1,3,3,0,2,6,3,8,14,4,28,57,5,13,24,2,3,8,1,6,10,3,13,29,4,15,24,12,48,60,26,56,60,6,19,41
1,2,5,0,5,18,2,3,23,0,3,34,2,5,24,0,4,16,0,8,24,1,7,45,5,20,46,5,33,60,8,27,60,25,30,60
0,0,4,0,2,16,1,8,22,0,3,53,1,4,29,0,2,11,1,5,19,3,18,51,0,6,37,7,23,60,8,23,60,29,34,60
0,0,8,1,1,18,1,2,23,0,0,30,0,2,43,2,2,30,4,4,36,3,7,60,1,3,60,4,14,60,4,8,60,3,4,60
0,0,4,0,1,12,3,6,22,2,5,55,3,10,24,1,2,8,2,5,11,7,18,50,0,0,25,5,26,60,7,16,60,4,28,60
0,2,6,0,4,11,2,9,22,2,6,42,2,8,27,0,4,8,0,5,13,5,24,52,1,9,39,10,22,60,6,27,60,22,60,60
0,0,2,1,1,7,0,1,19,0,2,45,2,4,22,0,1,6,0,0,9,2,7,42,0,0,14,6,19,60,2,8,54,1,2,60
0,0,4,1,1,11,1,2,20,1,4,47,2,6,24,1,1,8,0,2,11,4,11,50,0,1,26,9,22,60,6,9,60,1,34,60
1,3,7,0,2,11,1,3,18,1,5,32,1,2,17,2,3,11,0,2,3,4,9,40,4,15,31,11,34,60,2,11,51,1,7,60
0,1,4,0,1,8,1,2,14,1,1,32,0,1,15,0,1,9,0,0,3,0,4,31,1,1,24,10,23,60,3,10,35,8,12,59
1,2,11,4,5,24,3,7,40,1,14,60,2,6,38,0,2,13,0,1,14,5,10,60,9,20,60,6,17,60,11,33,60,9,34,60
2,3,8,1,3,11,1,8,14,3,11,29,3,9,18,12,35,43,18,29,38,6,21,38,12,30,56,9,29,54,10,60,60,50,60,60
1,3,6,1,6,9,1,10,17,5,9,36,3,12,26,2,7,20,2,9,33,3,17,38,8,29,48,9,39,60,4,45,60,7,56,60
1,3,5,0,9,12,1,7,15,6,23,32,3,23,37,0,3,5,2,12,15,6,21,25,5,24,38,6,40,60,22,54,60,19,34,41
0,0,0,0,1,6,3,4,5,0,0,1,0,2,2,0,1,5,0,8,14,1,14,22,1,4,7,7,31,45,2,13,17,2,6,8
0,2,4,4,10,11,2,6,9,2,3,7,2,7,13,1,16,24,0,20,32,4,14,24,0,8,23,9,36,60,9,20,33,3,14,19
0,0,1,0,4,4,1,5,5,0,1,4,0,1,3,0,4,8,1,10,17,5,17,29,1,5,6,12,33,49,2,20,29,3,8,24
1,2,5,2,7,11,3,9,13,2,8,17,5,16,21,2,8,26,3,17,26,8,23,34,3,12,29,12,42,60,17,48,60,22,51,60
1,2,13,0,3,25,0,3,32,3,18,60,1,4,53,1,6,58,1,3,60,4,14,60,5,11,60,7,32,60,7,26,60,1,28,60
1,2,9,1,1,21,5,8,21,1,1,17,2,8,27,3,12,38,0,3,60,5,12,56,4,8,51,8,45,60,10,24,60,16,24,50
0,1,5,0,1,12,0,4,13,1,4,23,3,15,20,1,1,4,0,2,11,3,6,22,2,4,37,10,26,60,3,7,27,0,2,8
0,4,5,1,2,4,3,6,10,3,4,10,2,9,12,3,15,21,3,13,31,4,15,37,3,19,31,7,38,60,12,29,52,3,20,32
1,3,4,1,3,5,2,8,12,0,4,8,3,9,13,3,13,25,1,11,24,5,21,32,7,21,25,16,46,60,6,39,54,5,23,40
0,1,1,1,2,4,0,3,6,0,0,3,0,2,3,0,4,10,7,17,21,6,13,21,1,9,13,8,32,54,2,10,20,0,6,14
1,2,4,0,3,4,1,7,8,2,23,35,6,9,13,2,39,60,2,13,19,8,30,39,13,23,41,10,41,60,9,29,59,10,37,60
1,2,9,0,1,18,2,2,23,0,11,60,2,3,29,0,1,16,1,10,41,8,10,60,3,11,60,9,27,60,7,12,60,3,5,60
1,2,7,1,3,13,1,2,19,9,9,34,1,1,12,2,5,6,1,1,21,5,10,50,7,13,41,8,24,60,9,17,55,10,13,60
0,5,7,0,9,20,1,4,12,1,9,23,0,13,23,44,60,60,5,27,48,4,16,32,4,28,52,10,49,60,7,40,60,15,52,60
1,3,6,0,3,11,3,5,9,11,19,24,3,9,16,8,39,54,1,9,16,7,18,32,3,17,34,10,47,60,16,36,53,19,42,57
1,2,7,2,3,11,4,5,20,2,10,49,1,3,19,0,0,8,0,4,33,6,15,56,2,10,55,7,36,60,5,15,60,4,8,58
1,3,6,1,4,11,1,6,12,4,20,46,1,9,22,5,41,60,4,19,28,2,21,28,11,29,51,7,53,60,13,40,60,8,32,57
0,2,3,1,1,5,1,3,7,0,23,25,3,7,11,0,5,21,4,7,11,13,21,36,8,23,29,4,30,60,4,23,39,2,19,37
0,1,7,0,0,14,2,4,22,0,0,59,0,2,27,0,1,7,2,11,44,1,11,60,2,13,60,11,33,60,1,7,60,2,5,60
1,2,8,0,2,19,0,5,20,1,2,25,2,3,17,0,1,9,0,1,17,3,9,55,2,9,55,6,23,60,4,7,60,15,15,60
1,3,4,7,11,16,4,8,13,1,15,22,3,10,18,6,10,22,2,10,22,4,9,25,6,19,24,7,25,50,7,33,48,5,21,43
1,3,4,7,11,16,4,8,13,1,15,22,3,10,18,6,10,22,2,10,22,4,9,25,6,19,24,7,25,50,7,33,48,5,21,43
1,3,4,7,11,16,4,8,13,1,15,22,3,10,18,6,10,22,2,10,22,4,9,25,6,19,24,7,25,50,7,33,48,5,21,43
1,4,7,5,17,23,0,3,9,9,28,47,5,24,39,1,43,56,1,17,52,4,14,22,2,34,60,11,39,60,10,47,60,4,48,60
1,2,5,6,12,17,5,9,13,1,6,21,5,12,18,4,10,17,2,12,26,0,10,27,7,13,27,4,21,46,8,28,48,4,18,38
0,1,2,1,3,9,2,3,5,1,8,15,0,2,6,0,4,13,0,5,10,0,5,11,1,8,14,5,30,58,1,13,30,1,7,15
1,2,3,1,10,13,3,7,13,0,12,25,4,18,31,1,4,8,0,4,8,6,10,25,3,18,30,11,40,60,17,50,60,15,27,33
0,0,10,0,2,19,3,6,36,0,2,50,4,7,42,0,1,10,0,0,7,3,9,60,0,5,59,17,32,60,8,14,60,0,5,60
1,4,5,7,11,15,2,8,12,2,14,40,12,25,48,0,2,6,2,5,14,3,15,26,9,27,44,8,35,60,6,37,60,7,42,60
0,0,3,0,1,5,1,3,12,0,13,19,1,11,20,0,0,1,0,0,0,0,2,17,0,1,24,10,20,60,0,4,37,0,1,8
0,0,8,2,2,15,1,7,27,2,11,45,1,9,32,0,1,6,0,0,5,6,12,41,0,3,50,9,31,60,6,19,60,3,5,37
0,0,12,1,1,20,0,3,34,0,2,49,2,5,44,0,1,14,0,4,11,4,10,60,0,4,60,6,24,60,1,7,60,0,3,60
0,0,9,1,1,15,3,8,30,0,3,47,3,8,32,0,1,8,0,0,5,1,12,50,3,5,52,13,27,60,6,21,60,2,6,59
0,2,10,1,8,23,4,11,39,5,12,60,1,5,42,1,3,15,0,1,14,4,15,60,0,13,60,13,34,60,14,32,60,4,14,60
0,2,8,0,2,16,0,7,26,0,9,47,0,5,30,0,0,6,0,0,5,1,4,44,0,9,52,3,26,60,4,16,60,1,18,42
0,2,3,1,13,22,1,11,18,1,5,14,2,12,22,1,7,18,0,5,9,8,21,36,8,21,35,16,50,60,10,29,45,1,23,47
0,2,3,2,9,16,2,3,8,5,9,12,3,10,14,5,27,28,0,25,27,4,17,22,0,25,33,8,29,52,5,13,19,20,39,41
0,0,0,0,2,6,0,7,10,0,2,2,0,3,5,3,4,4,0,1,1,2,12,22,0,1,8,9,24,56,5,15,22,7,9,10
2,4,8,6,23,35,1,5,8,9,28,35,4,25,36,5,32,60,26,52,60,5,16,24,23,43,59,8,35,54,8,45,60,9,60,60
1,2,5,5,12,15,4,10,14,1,3,19,3,12,18,3,10,15,1,13,23,0,11,29,5,14,30,4,21,47,5,28,47,4,17,37
1,2,5,6,12,16,4,9,14,1,5,22,4,12,18,3,10,16,1,11,24,0,10,28,5,14,30,5,21,47,7,29,47,4,17,38
1,2,5,6,12,17,5,9,13,1,6,21,5,12,18,4,10,17,2,12,26,0,10,27,7,13,27,4,21,46,8,28,48,4,18,38
1,2,5,6,12,17,5,9,13,1,6,21,5,12,18,4,10,17,2,12,26,0,10,27,7,13,27,4,21,46,8,28,48,4,18,38
1,2,5,6,12,17,5,9,13,1,6,21,5,12,18,4,10,17,2,12,26,0,10,27,7,13,27,4,21,46,8,28,48,4,18,38
1,1,2,0,4,6,1,3,7,1,13,15,1,2,7,0,7,13,0,6,9,1,6,13,4,11,15,8,35,59,2,16,35,0,8,22
0,1,2,1,6,19,5,13,15,1,3,6,1,10,15,1,7,13,0,6,6,6,23,35,5,17,23,2,55,60,8,29,43,1,23,30
2,4,8,6,24,36,0,5,8,4,24,31,4,23,35,4,24,60,21,60,60,7,16,21,15,36,58,8,34,52,4,41,59,14,53,60
1,2,3,4,11,17,1,5,10,6,10,14,2,10,21,6,25,29,5,23,28,10,21,29,7,28,35,12,39,60,9,14,25,30,38,42
0,3,6,7,11,19,2,3,5,0,23,29,3,13,21,17,25,32,19,34,56,2,12,21,7,30,53,7,21,40,2,22,36,5,48,60
1,2,8,0,1,15,2,2,23,8,11,60,3,3,26,0,1,13,2,8,34,7,11,60,3,11,60,10,27,60,8,11,60,1,5,46
0,5,6,1,6,11,1,7,11,1,10,38,3,12,21,36,60,60,5,24,36,6,21,31,5,27,45,14,41,60,8,43,60,11,58,60
0,6,6,2,8,15,1,7,11,2,9,26,2,11,22,39,60,60,9,26,37,5,21,30,3,25,51,10,45,60,11,42,60,18,56,60
1,1,7,0,3,16,0,1,25,0,10,34,0,5,15,1,3,9,0,2,30,2,14,57,4,13,45,7,21,60,7,23,60,2,20,60
1,2,8,0,1,15,2,2,23,8,11,60,3,3,26,0,1,13,2,8,34,7,11,60,3,11,60,10,27,60,8,11,60,1,5,46
1,1,7,1,4,12,1,3,15,1,9,34,0,2,12,2,4,6,0,1,12,3,10,39,7,9,40,9,27,60,6,16,54,11,12,60
2,5,7,0,11,16,3,6,16,14,22,25,3,11,20,14,49,58,5,12,30,7,18,31,6,18,35,10,44,60,17,39,60,19,46,60
2,5,7,0,11,16,3,6,16,14,22,25,3,11,20,14,49,58,5,12,30,7,18,31,6,18,35,10,44,60,17,39,60,19,46,60
0,1,5,0,0,6,1,2,15,0,2,43,1,3,16,0,1,4,0,7,17,2,7,32,0,8,37,6,24,60,1,4,52,0,0,20
0,1,6,0,1,10,1,1,15,0,9,34,0,2,12,1,3,6,0,1,14,2,7,38,0,7,35,7,25,60,3,9,52,0,11,60
1,2,4,0,3,4,1,7,8,2,24,34,6,9,13,1,36,60,2,13,18,8,32,40,13,23,41,9,39,60,7,30,59,8,32,60
0,2,4,0,3,5,3,5,8,2,16,21,3,9,11,3,29,53,0,11,16,7,27,32,5,17,30,11,40,60,8,30,43,6,32,52
1,3,9,3,16,26,0,5,11,1,13,24,3,13,28,54,60,60,17,37,60,3,13,38,4,28,60,8,40,60,9,35,60,13,43,60
1,2,7,3,4,13,2,3,17,1,9,34,0,1,12,2,5,6,1,1,13,6,10,49,9,11,39,8,30,60,6,17,56,12,12,60
1,2,6,1,1,9,1,4,20,3,16,33,1,2,11,0,1,7,1,2,30,5,12,50,2,11,46,8,26,60,9,18,57,2,10,56
0,0,11,0,1,18,2,2,23,2,16,59,2,3,36,0,2,42,0,1,43,3,6,60,0,2,60,6,23,60,4,8,60,0,21,60
0,0,3,1,2,6,3,4,8,1,3,22,5,13,17,0,1,3,0,0,9,2,4,15,3,5,25,6,20,60,1,2,15,0,0,4
0,1,3,4,5,8,2,8,10,1,5,7,1,4,15,0,7,10,1,2,9,10,23,26,4,8,17,9,39,60,13,35,46,4,31,48
1,3,5,1,4,7,2,7,11,5,19,28,5,12,19,11,35,45,14,33,50,8,20,31,6,33,51,11,33,60,12,49,60,19,60,60
1,2,5,1,5,13,3,9,14,1,3,7,1,9,15,5,12,22,0,3,32,8,17,26,3,13,28,13,43,60,13,31,46,8,18,35
1,2,6,1,1,3,4,14,16,11,41,60,5,17,33,2,4,4,1,10,19,4,15,27,8,18,36,21,51,60,11,60,60,6,20,46
1,3,7,3,8,10,1,4,11,11,15,30,3,14,22,1,9,35,2,21,41,5,15,33,9,24,48,9,38,60,9,37,60,4,32,60
0,2,17,0,1,25,3,9,47,23,60,60,7,22,60,1,2,51,1,5,57,1,12,60,4,14,60,10,43,60,9,44,60,1,21,60
0,3,5,1,4,10,2,5,13,4,24,32,1,9,17,3,16,28,3,11,27,7,29,43,10,28,39,7,35,53,15,37,60,5,56,60
1,4,8,3,4,6,2,9,13,4,12,28,4,8,16,5,32,37,2,25,31,6,29,45,10,35,51,8,32,59,13,48,60,36,60,60
1,3,7,1,5,11,1,7,15,1,18,28,3,10,24,7,34,38,15,30,39,8,17,34,8,32,52,11,28,59,12,47,60,41,60,60
1,3,7,1,5,11,1,7,15,1,18,28,3,10,24,7,34,38,15,30,39,8,17,34,8,32,52,11,28,59,12,47,60,41,60,60
1,3,7,1,5,11,1,7,15,1,18,28,3,10,24,7,34,38,15,30,39,8,17,34,8,32,52,11,28,59,12,47,60,41,60,60
1,3,7,1,5,11,1,7,15,1,18,29,3,10,24,7,34,38,15,30,38,8,17,33,7,32,52,11,28,59,11,48,60,41,60,60
1,3,7,1,5,11,1,7,15,1,18,28,3,10,24,7,34,38,15,30,39,8,17,34,8,32,52,11,28,59,12,47,60,41,60,60
1,3,7,1,5,11,1,7,15,1,18,28,3,10,24,7,34,38,15,30,39,8,17,34,8,32,52,11,28,59,12,47,60,41,60,60
1,5,6,1,5,8,2,11,15,4,16,32,3,13,23,3,13,31,2,13,28,1,24,39,8,30,52,11,39,60,8,38,60,9,60,60
0,2,7,0,0,7,0,2,12,0,16,29,1,3,12,0,0,8,0,0,2,0,0,27,0,4,20,2,6,60,0,2,36,0,0,31
0,1,5,0,2,4,1,6,12,1,3,9,2,4,7,1,4,7,0,0,1,4,9,19,0,2,21,2,25,60,4,11,26,2,10,23
1,1,8,0,5,17,1,2,21,9,10,55,0,2,28,3,7,29,5,9,32,3,7,59,5,7,58,9,23,60,4,8,60,1,6,60
0,0,6,1,3,18,0,2,19,0,0,17,1,4,20,1,2,16,1,3,28,4,7,50,1,2,46,7,21,60,2,6,60,2,4,54
0,1,5,0,1,4,2,4,13,1,1,25,0,2,9,0,3,7,0,0,2,1,7,24,1,1,22,6,29,60,4,14,29,8,15,30
0,1,6,0,4,13,1,4,21,0,1,43,1,1,24,0,0,13,0,0,23,2,4,52,1,10,38,12,33,60,8,22,60,2,33,60
0,0,4,0,2,14,1,8,22,0,4,53,2,4,29,0,2,11,1,5,19,4,18,49,0,4,35,7,23,60,8,23,60,29,34,60
0,2,7,0,7,12,2,5,20,1,14,33,2,7,22,0,3,11,0,2,14,6,13,56,0,12,42,5,25,60,7,14,60,4,7,60
1,4,7,0,5,9,0,9,13,3,11,19,2,12,25,16,32,44,17,31,41,7,25,36,8,26,49,6,30,58,16,54,60,29,60,60
0,0,6,1,3,19,0,2,18,0,0,17,1,4,22,2,2,17,2,4,30,4,7,53,1,2,51,6,20,60,2,7,60,3,4,57
0,0,4,0,1,11,4,7,22,1,5,55,2,9,26,1,2,8,2,5,12,5,20,52,0,1,30,8,27,60,5,19,60,4,29,60
1,1,6,0,5,16,1,4,21,0,10,34,2,6,23,1,3,15,0,7,26,2,6,44,5,22,42,4,34,60,8,28,60,25,30,60
0,2,7,3,7,12,3,5,22,9,25,35,5,8,24,1,3,13,1,2,13,6,15,58,6,11,43,8,29,60,8,14,60,3,38,60
0,0,3,1,1,6,1,2,14,5,16,21,9,11,20,0,1,1,0,0,0,2,3,17,0,1,25,8,24,60,1,11,38,1,1,8
1,3,7,1,3,12,3,4,21,7,8,33,1,1,14,0,1,8,2,5,32,8,15,60,6,12,42,8,28,60,11,20,60,7,12,60
1,2,6,1,3,11,1,1,11,0,1,26,0,0,10,0,2,6,0,0,8,2,3,39,2,4,37,7,27,60,4,5,50,1,3,57
0,2,7,0,2,15,2,4,23,0,4,39,0,3,22,0,1,8,4,9,39,3,11,60,4,10,57,10,44,60,2,7,60,1,6,60
0,0,11,1,2,24,1,1,32,2,13,37,1,4,22,0,2,18,2,2,38,2,4,60,1,2,60,5,18,60,1,11,60,2,23,60
1,2,9,2,4,19,4,6,22,0,2,25,1,3,21,0,0,11,0,1,21,4,11,55,3,11,60,5,29,60,4,8,60,0,18,60
1,3,6,1,4,8,2,6,10,5,40,46,4,10,17,8,27,39,4,19,48,7,20,29,11,34,55,12,48,60,11,48,60,11,37,60
2,3,19,1,3,31,3,8,40,5,23,60,4,15,60,1,8,60,3,7,60,7,23,60,9,25,60,8,38,60,10,46,60,9,52,60
0,2,9,0,2,20,3,8,22,0,2,20,3,8,29,3,9,38,0,1,57,2,12,48,0,6,47,7,43,60,8,25,60,3,23,60
1,3,15,1,4,28,0,5,36,3,33,60,1,7,60,2,8,60,2,7,60,8,28,60,6,16,60,8,34,60,16,34,60,3,31,60
1,2,5,1,6,13,2,8,13,2,4,7,2,9,14,5,12,23,0,6,32,8,19,26,2,13,30,11,43,60,12,30,45,7,17,34
0,2,4,5,10,11,2,4,9,2,3,7,2,6,12,0,15,23,0,19,32,3,12,24,0,7,19,10,35,60,6,18,33,2,13,20
1,1,6,0,5,19,0,5,23,0,1,34,1,3,30,1,1,21,1,2,31,2,5,49,5,6,45,7,28,60,4,10,60,0,14,60
1,2,5,2,7,11,3,9,12,2,6,14,7,14,21,2,8,16,3,14,23,8,23,36,3,14,29,12,46,60,14,46,60,23,46,60
1,2,4,5,10,11,0,5,7,2,16,24,0,10,15,7,16,21,10,28,34,1,14,20,4,13,24,7,39,55,1,20,40,0,26,38
1,4,17,1,3,24,2,9,40,12,39,60,4,15,60,2,7,60,3,5,60,8,27,60,4,26,60,11,35,60,18,45,60,8,21,60
2,3,20,1,3,34,4,9,42,4,23,60,4,14,60,1,7,60,2,6,60,6,22,60,9,25,60,11,41,60,7,45,60,7,41,60
1,4,5,1,2,5,2,12,16,17,23,35,5,18,35,0,2,5,5,14,14,5,20,30,6,25,36,13,55,60,21,58,60,6,37,45
1,3,4,0,9,12,2,8,16,4,23,27,3,22,35,0,4,5,1,11,14,6,19,28,5,22,38,7,49,60,22,52,60,19,30,39
1,2,5,0,4,4,4,6,13,0,3,21,2,5,9,2,5,7,0,0,2,4,15,22,0,8,22,11,31,60,6,16,29,4,14,23
0,0,4,1,1,12,1,5,19,2,3,54,2,6,24,1,1,8,0,2,11,5,14,51,0,0,27,9,23,60,8,10,60,2,11,60
0,2,7,2,4,19,1,4,20,1,9,32,0,1,12,1,4,6,0,1,17,2,9,55,3,11,46,7,27,60,4,14,60,0,28,60
0,3,5,1,13,23,1,4,8,3,22,33,0,15,28,10,60,60,9,15,39,5,14,23,4,27,60,13,42,60,9,41,60,10,31,59
1,3,4,1,20,23,2,6,13,6,14,28,5,20,32,1,26,33,3,26,29,8,20,30,10,37,49,4,49,60,6,23,43,8,44,60
1,2,13,4,5,26,2,6,46,5,15,60,3,7,43,1,2,17,0,1,16,4,12,60,9,19,60,3,21,60,12,34,60,8,34,60
0,3,7,0,2,11,1,3,19,0,8,32,1,3,17,1,3,11,0,2,3,2,10,44,0,13,31,10,35,60,2,12,54,0,5,60
1,2,6,0,5,15,1,4,24,1,2,50,0,2,29,1,3,15,2,5,24,2,12,60,5,14,46,8,27,60,5,20,60,2,25,60
1,3,6,2,3,11,0,4,15,1,3,31,1,2,17,3,4,10,0,0,3,6,10,38,7,13,29,8,43,60,6,13,41,2,12,60
0,1,5,0,2,17,0,2,21,0,2,26,3,5,23,0,2,15,0,0,23,0,5,52,1,10,48,8,20,60,2,13,60,21,26,60
0,1,5,0,1,5,2,4,13,1,1,26,0,2,10,0,2,7,0,0,2,1,7,25,1,1,22,9,29,60,5,15,30,8,15,40
0,0,4,0,3,10,2,6,21,1,7,54,2,11,27,0,5,8,0,5,13,4,21,52,1,2,32,7,32,60,4,19,60,25,60,60
1,2,12,0,1,25,0,1,37,0,13,60,1,2,48,0,4,41,1,2,47,3,9,60,3,9,60,12,29,60,5,12,60,1,5,60
0,1,10,0,3,21,3,8,34,2,16,60,0,5,35,0,2,13,0,0,9,2,9,58,0,7,60,6,28,60,4,27,60,2,20,60
1,3,7,0,4,6,2,7,13,4,13,29,3,9,21,13,37,43,20,33,39,8,22,28,7,29,55,11,30,58,9,59,60,24,60,60
1,3,7,1,4,10,1,8,12,3,19,30,3,11,21,8,24,45,8,32,46,9,18,29,6,34,54,13,35,60,14,47,60,5,60,60
1,3,6,0,5,14,1,3,17,0,1,23,2,5,22,1,3,4,0,4,14,2,6,42,5,16,44,9,29,60,7,13,40,2,4,16
1,4,6,2,5,10,2,7,13,0,13,20,6,18,22,1,27,39,1,35,46,4,23,38,4,21,38,11,31,60,12,52,60,4,60,60
1,3,7,2,4,18,0,5,21,0,0,18,0,1,28,0,1,9,0,0,20,1,10,54,8,18,50,9,27,60,2,9,60,1,5,55
1,2,4,0,6,8,2,7,11,4,9,12,2,11,18,4,12,15,2,8,19,6,25,37,2,9,22,8,36,60,13,46,60,11,37,55
1,3,4,2,4,5,3,8,12,0,3,7,4,8,12,3,14,21,5,7,16,7,20,29,9,19,23,16,44,60,5,39,53,4,33,39
1,2,4,3,10,11,2,4,9,2,5,11,1,6,15,0,15,24,0,24,33,1,13,23,1,11,22,13,38,57,3,16,34,2,10,38
0,1,10,0,2,20,1,2,21,9,12,32,1,3,14,0,2,9,0,1,31,0,5,60,0,4,60,5,20,60,0,8,60,3,20,60
1,3,5,1,11,20,1,5,7,1,18,32,0,14,28,12,60,60,8,18,35,2,16,27,8,28,47,9,46,60,13,44,60,12,30,57
0,4,4,1,3,7,2,5,10,4,30,42,2,8,16,6,24,60,1,8,35,4,19,37,11,37,54,19,51,60,12,43,60,4,43,60
0,0,12,0,2,25,1,2,36,2,4,38,1,3,26,0,1,19,1,3,41,1,4,60,1,4,60,3,16,60,1,9,60,2,22,60
0,2,3,1,2,4,0,6,8,0,22,28,4,9,10,0,12,47,2,9,14,15,27,37,10,21,31,7,34,60,5,27,44,4,28,49
0,1,1,1,6,10,2,9,12,1,2,2,2,5,6,4,5,9,1,3,6,5,18,27,0,7,16,8,38,59,6,19,23,6,10,20
0,5,8,1,9,17,0,6,10,6,24,44,3,30,44,0,1,7,0,12,25,8,16,23,3,25,49,6,32,60,12,40,60,5,43,60
1,4,8,6,20,24,0,3,7,10,28,48,8,24,39,1,45,60,1,32,56,3,13,22,7,31,60,9,42,60,13,53,60,5,56,60
1,1,1,5,7,12,1,7,8,0,7,10,1,6,10,6,7,18,1,6,19,4,17,26,0,11,24,17,35,46,3,14,20,8,32,41
0,0,0,2,3,8,4,6,12,0,1,2,1,4,7,0,1,5,0,0,1,4,13,24,2,2,5,10,33,41,4,18,30,1,6,12
1,3,9,1,4,18,1,7,29,7,7,60,1,3,38,0,1,8,0,0,3,2,5,45,4,10,55,2,21,60,3,14,60,16,17,46
0,0,9,0,2,18,2,6,35,0,5,50,1,8,39,0,1,10,0,0,7,4,12,60,0,4,57,12,31,60,7,18,60,3,5,60
0,1,10,0,8,21,4,9,37,3,14,60,1,6,40,0,1,12,0,1,9,3,13,60,3,13,59,7,26,60,17,34,60,2,13,60
0,2,4,1,12,22,2,9,17,1,9,15,4,15,30,1,9,23,0,5,18,6,21,34,9,24,42,24,50,60,6,30,45,4,23,47
1,2,10,1,9,24,2,12,38,3,5,60,0,4,47,2,3,14,1,1,15,4,17,60,2,13,60,14,36,60,10,34,60,2,8,60
0,2,11,2,4,17,3,7,31,6,11,60,2,3,41,1,1,11,0,0,7,4,7,51,6,7,60,4,25,60,4,13,60,14,17,60
0,0,4,1,1,6,1,4,15,12,17,27,9,13,23,0,1,2,0,0,0,2,7,20,0,6,31,3,20,60,8,16,44,1,1,24
0,2,11,1,7,25,0,3,41,6,15,60,2,8,41,0,2,15,0,2,13,1,10,60,6,22,60,8,21,60,3,25,60,0,12,60
2,5,8,1,18,30,3,7,14,3,11,31,4,20,28,5,60,60,11,44,60,2,20,32,4,26,50,11,39,60,5,48,60,13,45,60
0,0,1,1,4,9,2,6,10,1,1,2,1,3,5,1,5,8,1,1,6,2,10,20,1,3,11,11,39,56,1,9,17,1,6,20
0,0,2,1,6,16,3,11,13,0,2,4,2,9,15,0,3,9,0,0,6,8,16,28,3,10,23,10,50,60,12,25,40,0,11,17
0,1,1,2,4,6,2,3,8,1,3,14,2,3,6,0,3,9,0,6,10,1,6,10,3,8,13,5,28,48,4,15,21,2,5,15
0,0,0,0,2,6,0,7,11,0,2,2,0,3,5,3,4,4,0,1,2,2,13,22,0,2,8,9,26,56,5,14,22,5,9,11
0,2,5,2,11,16,1,3,6,5,11,24,3,10,17,14,26,29,16,24,28,7,15,19,1,27,38,7,24,41,4,13,26,19,40,59
1,3,7,1,3,8,3,7,9,2,24,37,3,9,16,8,60,60,3,13,40,7,20,40,12,35,47,13,46,60,7,37,60,10,40,60
1,2,9,0,2,19,2,5,21,1,11,26,0,4,18,0,0,10,0,1,22,3,8,60,2,7,60,4,25,60,3,5,60,2,15,60
0,0,9,0,3,21,2,3,28,2,2,35,0,1,20,0,0,24,0,10,36,0,11,60,2,3,60,3,22,60,0,5,60,3,5,60
1,3,6,1,6,16,2,6,7,2,16,44,0,5,24,11,60,60,1,19,41,3,14,30,13,29,50,13,48,60,18,41,60,14,30,60
1,4,6,2,4,19,2,7,13,4,19,27,4,13,21,34,60,60,6,16,34,7,20,29,1,22,42,10,46,60,8,41,60,28,55,60
1,5,9,9,20,23,0,4,9,3,18,46,6,18,33,43,60,60,13,50,60,1,15,22,9,34,56,10,35,60,9,43,60,11,47,60
0,0,7,1,3,15,0,4,18,0,1,14,0,3,13,0,0,8,0,3,19,4,13,50,2,5,48,7,23,60,2,7,56,1,16,60
0,2,7,3,5,18,1,5,21,0,0,17,1,1,25,0,0,9,0,2,18,9,15,51,0,14,47,10,28,60,4,10,60,3,3,53
0,2,4,0,3,5,3,5,7,2,16,21,3,8,11,2,29,49,0,11,16,6,27,32,4,17,29,11,40,60,8,30,43,6,32,52
0,0,12,1,1,25,1,1,31,3,13,34,3,4,22,0,0,16,1,2,38,2,3,60,0,2,60,6,20,60,4,7,60,4,23,60
0,0,1,0,1,5,2,4,5,0,0,3,0,1,3,0,0,7,1,10,13,2,17,26,1,4,6,10,30,50,2,14,24,3,6,17
0,3,4,0,3,4,2,6,9,4,8,9,1,7,14,4,10,21,2,16,30,2,18,32,3,22,29,7,36,60,12,30,52,3,15,32
0,1,8,0,1,21,2,8,20,1,1,32,2,6,25,2,7,34,0,2,56,3,11,47,0,5,49,11,43,60,5,19,60,2,18,47
1,3,7,2,4,18,0,4,21,0,0,18,0,2,28,0,1,7,0,0,20,1,7,53,8,18,50,9,28,60,2,10,55,1,5,54
0,1,3,4,6,8,3,9,10,1,4,7,2,5,14,1,5,10,1,2,8,6,23,26,2,7,16,11,39,60,12,33,46,4,27,48
1,2,5,1,6,13,2,8,13,2,4,7,2,9,13,5,11,20,0,4,30,8,17,26,2,11,28,9,41,60,13,28,43,7,17,34
1,3,7,2,4,18,0,4,21,0,0,18,0,2,28,0,1,7,0,0,20,1,8,52,7,18,50,10,26,60,2,9,53,1,6,54
1,4,6,1,4,7,1,9,14,2,12,29,3,11,19,4,29,36,2,22,33,4,23,44,9,34,50,8,36,60,13,41,60,39,60,60
1,3,6,1,3,9,1,6,14,1,17,28,3,10,24,10,34,42,18,29,44,10,19,35,5,30,59,10,30,60,10,51,60,28,60,60
0,1,5,0,2,4,1,6,12,3,3,8,1,4,7,2,4,7,0,0,1,4,10,19,0,2,22,2,25,60,3,10,26,0,10,23
1,2,6,0,5,15,1,4,24,1,2,50,0,2,29,1,3,15,2,5,24,2,12,60,4,14,46,8,25,60,4,20,60,2,25,60
1,2,7,4,7,11,3,5,21,0,9,34,2,7,24,0,4,12,0,3,15,5,18,59,2,10,45,6,13,60,5,21,60,6,10,60
1,2,5,1,3,5,3,7,14,0,3,27,1,4,11,2,5,7,0,0,2,5,12,26,0,7,22,13,38,60,10,20,31,8,23,41
0,2,7,0,7,12,3,5,20,4,21,34,3,8,23,0,3,13,1,2,13,8,15,57,2,12,43,8,27,60,7,14,60,4,15,60
0,5,7,1,10,29,1,4,9,11,24,51,9,33,44,0,4,41,1,10,39,4,14,20,3,34,58,4,39,59,9,43,60,9,50,60
1,2,8,1,2,15,0,4,21,6,8,34,1,1,14,0,1,13,2,4,34,5,13,60,7,12,51,6,28,60,9,20,60,5,12,60
0,1,5,0,1,14,4,7,22,1,9,43,2,9,27,0,5,8,2,5,12,8,21,52,0,2,35,6,25,60,3,27,60,18,42,60
1,1,4,2,2,4,3,3,7,2,4,36,1,2,12,1,1,1,0,0,3,2,7,15,1,1,7,5,14,42,6,7,22,1,6,18
1,2,7,0,3,12,2,6,21,1,22,33,1,8,18,0,1,12,1,3,12,7,10,59,4,12,41,11,30,60,6,15,60,1,6,60
0,2,3,1,7,11,3,7,12,2,8,11,4,13,22,2,8,16,1,17,23,8,24,33,4,11,20,6,41,60,17,46,60,22,46,60
1,1,4,0,4,9,1,6,10,4,8,10,1,7,15,6,8,14,0,9,16,8,22,32,3,9,22,8,32,60,11,37,60,7,32,44
1,3,6,1,4,12,3,8,10,2,6,10,3,8,19,1,16,32,1,25,41,6,22,30,4,25,34,9,39,60,11,36,49,7,21,28
0,2,8,0,6,17,2,3,27,0,0,31,0,4,34,0,1,13,2,7,24,3,5,45,1,12,51,8,22,60,2,10,59,0,1,60
0,0,3,1,1,12,1,5,21,2,4,54,3,6,23,1,2,8,2,2,11,6,13,50,0,0,27,7,22,60,7,10,60,2,11,60
1,2,6,4,7,10,3,6,23,0,8,34,2,9,26,0,4,12,0,2,14,4,16,60,2,8,45,5,20,60,5,22,60,6,16,60
2,3,6,0,2,11,0,4,15,1,2,31,0,2,17,3,4,10,0,1,3,5,10,36,8,13,29,8,42,60,4,13,41,3,8,60
0,1,5,0,4,4,1,7,14,0,3,13,2,5,7,2,4,7,0,0,2,4,9,19,0,4,21,4,28,60,5,14,26,3,11,23
0,2,5,0,3,15,2,3,24,0,2,42,2,5,27,0,4,16,0,5,25,1,9,53,8,21,42,5,38,60,15,27,60,25,30,60
0,0,1,0,1,6,0,0,17,0,2,45,0,1,22,0,0,6,0,0,7,2,4,37,0,0,14,2,16,60,0,2,48,0,1,60
0,0,4,0,1,12,2,6,22,2,7,54,2,7,24,1,1,8,0,2,11,7,14,51,0,1,27,12,25,60,7,10,60,3,50,60
0,1,6,0,1,12,2,4,21,0,9,45,1,3,26,0,0,14,0,0,23,1,5,50,0,10,38,9,35,60,5,24,60,0,34,60
0,2,8,2,4,19,1,4,20,0,10,32,0,3,12,0,4,6,0,1,19,2,7,55,2,11,46,6,25,60,6,13,60,0,30,60
1,4,8,9,20,24,0,3,9,2,20,47,5,18,32,43,60,60,10,49,60,2,14,24,6,37,57,10,36,60,9,48,60,11,49,60
0,4,4,1,5,7,2,6,10,5,31,44,3,10,17,5,23,58,1,11,35,4,18,34,7,36,53,19,49,60,11,46,60,4,42,60
2,4,7,0,5,16,3,6,14,9,22,25,3,13,18,25,51,60,5,13,28,8,18,27,3,15,42,11,45,60,17,42,60,21,46,60
1,2,7,1,4,12,2,3,17,1,9,34,0,1,12,1,4,6,1,1,15,5,10,47,7,13,40,7,28,60,7,17,54,11,13,60
1,2,7,0,2,15,1,1,22,2,14,34,0,2,14,1,2,7,0,3,31,2,13,53,4,14,43,10,18,60,5,24,60,3,19,60
0,0,12,0,1,21,0,2,27,0,13,34,0,4,18,0,0,13,0,1,37,1,3,60,0,2,60,7,26,60,0,3,60,0,21,60
2,5,7,2,18,25,2,12,14,6,19,29,4,21,26,15,60,60,3,34,57,1,20,36,3,17,41,12,38,60,5,45,60,17,52,60
0,1,5,0,1,4,0,3,12,3,3,24,0,3,9,0,2,7,0,0,0,2,7,21,2,4,18,4,14,60,0,3,27,0,1,27
0,2,6,0,5,10,1,8,22,4,9,42,3,8,27,3,4,10,0,2,13,4,20,53,1,8,42,7,24,60,6,24,60,22,60,60
0,1,5,0,1,5,2,4,13,1,1,25,0,2,10,0,2,7,0,0,2,1,6,26,1,1,22,10,27,60,4,13,29,8,15,44
1,1,8,0,2,23,1,2,22,0,10,45,0,2,31,4,7,44,1,9,34,3,7,60,3,7,59,11,23,60,2,10,60,1,5,60
0,0,4,1,1,12,0,4,19,1,3,46,2,6,23,1,1,8,0,2,11,2,12,50,0,0,26,9,21,60,8,9,60,1,10,60
0,0,5,0,1,14,2,8,22,1,5,47,2,5,29,0,3,11,2,8,17,11,24,52,0,2,35,4,24,60,11,24,60,3,52,60
2,2,6,1,7,10,2,8,22,0,12,34,1,10,26,4,4,11,1,1,13,7,16,56,7,9,44,4,25,60,13,21,60,8,60,60
1,3,7,0,7,12,3,5,20,1,18,35,2,8,24,0,3,11,0,2,13,5,16,56,2,13,42,7,23,60,9,16,60,6,14,60
0,2,6,4,6,13,1,6,22,0,4,34,1,3,25,0,4,13,0,2,15,4,16,59,0,7,45,5,19,60,6,21,60,6,11,60
0,1,5,1,1,15,1,7,22,1,2,55,0,2,31,1,3,13,2,6,21,7,17,56,6,12,39,10,29,60,6,31,60,29,36,60
1,5,6,2,4,5,4,9,12,1,11,20,4,9,15,6,32,39,1,25,35,3,27,44,10,35,49,8,30,54,14,44,60,54,60,60
1,2,4,0,1,3,4,12,15,13,27,53,3,17,25,2,3,5,3,7,16,2,16,26,8,15,32,19,50,60,12,60,60,7,22,44
1,3,8,2,5,5,3,10,12,2,13,26,3,7,17,2,29,40,1,17,34,11,29,44,9,32,52,8,31,56,6,53,60,34,60,60
1,2,18,0,2,25,2,7,42,17,58,60,5,17,60,1,7,60,2,5,60,10,21,60,4,15,60,4,35,60,15,39,60,6,14,60
2,3,6,1,6,9,1,11,17,4,8,45,4,12,32,1,4,13,2,9,27,4,18,41,8,30,44,12,40,60,2,41,60,5,48,60
1,2,6,1,3,3,5,11,15,7,53,60,4,19,33,2,4,5,1,10,18,4,12,24,7,21,36,20,54,60,15,58,60,5,19,32
0,2,3,3,11,12,2,7,14,0,8,16,3,18,27,1,3,8,0,2,5,1,13,27,3,9,27,8,35,60,11,45,60,0,26,31
1,2,9,0,3,18,1,3,31,0,8,60,1,2,43,0,1,15,0,0,9,0,2,52,2,10,60,5,20,60,4,7,60,0,17,60
1,2,4,0,2,8,3,8,17,7,17,32,4,17,28,1,3,9,2,6,14,7,13,31,3,15,26,20,47,60,21,60,60,8,26,40
1,4,5,3,5,8,4,6,10,5,15,48,4,15,22,7,32,46,5,39,44,6,24,34,6,28,50,6,46,60,15,48,60,11,60,60
1,3,4,2,4,5,2,8,12,0,3,7,4,9,12,4,14,21,4,8,20,7,20,28,9,19,24,14,47,60,5,40,53,5,32,40
0,4,7,2,6,20,1,5,25,0,0,31,0,3,29,0,2,7,0,6,20,1,4,50,9,22,52,9,34,60,3,11,58,2,5,60
1,3,7,2,6,17,2,2,23,0,0,29,0,3,29,0,2,6,0,2,20,1,5,52,11,20,50,10,27,60,4,11,50,2,5,54
0,4,5,0,4,8,0,9,13,2,12,19,2,16,23,9,32,42,2,34,46,4,21,41,3,24,38,9,31,60,16,59,60,8,60,60
0,3,5,0,6,10,2,6,12,3,7,19,4,13,22,2,8,33,2,10,35,8,20,36,2,15,31,12,33,60,14,42,60,11,40,60
1,1,4,0,4,9,1,6,10,4,8,10,1,7,15,6,8,14,0,9,16,8,22,32,3,9,22,8,32,60,11,37,60,7,32,44
0,2,2,0,5,7,3,6,11,0,3,4,3,7,12,3,8,9,0,0,1,2,13,16,0,6,9,5,34,60,3,25,34,0,11,28
1,2,7,0,3,12,3,6,11,2,7,12,3,10,15,1,19,30,5,25,42,3,17,31,7,18,34,9,41,60,11,28,52,7,18,33
1,3,5,0,2,4,2,4,11,2,8,10,2,12,18,2,11,31,1,26,43,3,19,30,5,16,34,7,34,60,10,28,52,5,16,42
1,2,8,0,2,15,1,1,25,0,14,34,0,2,14,1,2,7,0,3,31,2,13,56,4,13,45,8,18,60,5,22,60,2,19,60
1,2,6,2,5,16,3,6,7,2,16,45,0,5,24,11,60,60,1,20,41,4,19,31,13,30,48,14,48,60,12,44,60,13,33,60
0,5,6,2,9,16,1,7,11,0,9,28,0,12,22,36,60,60,7,27,41,4,20,30,3,26,55,11,45,60,9,42,60,12,58,60
0,1,3,1,2,9,1,4,7,0,0,3,0,2,6,0,3,5,0,12,20,2,9,19,0,9,17,12,25,50,3,12,17,2,8,23
1,3,6,1,8,8,0,9,12,5,32,34,3,13,21,6,17,29,10,24,28,5,19,32,7,29,56,19,47,60,9,44,60,11,44,60
0,4,6,1,13,23,1,4,6,2,20,40,0,15,32,41,60,60,1,29,55,3,12,21,4,35,57,12,38,60,7,47,60,8,30,60
0,2,6,0,1,11,1,1,14,0,1,27,0,0,10,0,1,6,0,0,7,2,2,39,0,5,33,11,24,60,2,5,50,0,3,57
0,1,1,0,2,4,0,3,7,0,1,3,0,2,3,0,6,10,5,18,21,2,17,25,1,11,17,8,37,59,2,14,26,0,8,14
0,4,9,3,11,25,1,7,11,1,10,24,3,15,24,49,60,60,15,33,60,3,13,34,3,29,58,9,42,60,8,35,60,12,50,60
0,1,6,0,1,10,1,1,14,0,9,34,0,2,12,1,2,6,0,1,13,2,7,38,0,7,39,6,20,60,3,10,53,0,11,60
0,3,7,0,2,10,0,2,17,8,11,34,1,2,12,0,4,7,0,3,28,2,14,47,0,14,43,7,29,60,2,23,56,2,17,60
1,4,5,1,3,9,3,5,9,3,19,24,2,11,14,22,51,60,5,10,22,12,20,36,1,21,37,12,45,60,11,38,50,17,48,59
3,5,7,1,13,20,2,8,16,4,21,27,3,12,25,30,55,60,5,18,38,6,21,33,3,16,35,13,38,60,14,42,60,28,51,60
1,2,7,1,3,17,2,2,18,7,9,34,0,1,12,2,5,6,1,1,21,5,9,50,7,13,40,5,25,60,10,17,57,11,13,60
0,2,7,3,3,19,4,5,20,0,1,16,1,3,16,0,0,9,1,2,19,9,15,56,3,9,51,8,30,60,4,10,60,3,17,60
2,4,7,0,11,17,0,9,15,7,23,27,2,10,25,17,53,60,6,17,38,4,17,31,4,16,33,12,38,60,17,47,60,23,50,60
0,2,3,1,3,4,0,6,7,0,4,35,3,10,10,0,12,46,2,9,14,12,27,33,8,18,31,7,33,60,5,26,42,2,29,47
1,4,5,0,4,7,3,4,10,4,20,22,3,8,16,9,41,54,2,9,19,10,19,35,1,18,31,11,44,60,13,34,52,19,47,53
1,2,7,3,4,13,2,3,17,1,9,34,0,1,12,2,5,6,1,1,13,6,10,49,9,11,39,8,30,60,6,17,56,12,12,60
1,2,7,3,4,13,2,3,17,1,9,34,0,1,12,2,5,6,1,1,13,6,10,49,9,11,39,8,30,60,6,17,56,12,12,60
1,2,7,3,4,13,2,3,17,1,9,34,0,1,12,2,5,6,1,1,13,6,10,49,9,11,39,8,30,60,6,17,56,12,12,60
0,4,4,1,3,8,0,4,12,23,30,35,2,9,20,3,24,35,1,17,31,4,20,38,8,39,55,19,51,60,8,44,60,3,43,60
0,1,1,0,2,4,0,3,5,0,0,3,0,2,3,0,6,10,7,17,21,2,15,23,1,9,16,9,32,57,2,10,21,0,7,13
0,2,5,3,11,18,1,3,6,6,13,26,3,11,19,18,26,30,18,26,39,7,14,20,2,28,43,9,23,52,3,14,28,21,43,60
0,1,1,1,4,9,2,6,8,1,2,2,1,3,5,1,7,11,1,3,6,4,11,23,1,6,13,14,39,57,3,11,21,1,15,24
1,3,5,2,14,17,2,5,10,8,15,26,5,17,25,13,27,31,11,28,32,11,18,22,13,32,50,8,37,60,7,19,31,25,47,60
0,3,3,3,14,16,2,4,11,6,10,19,4,11,21,7,27,28,3,24,28,8,20,25,5,30,38,11,36,60,8,14,27,29,40,48
1,3,7,7,10,23,1,5,7,6,24,30,5,15,23,21,27,31,19,26,46,7,13,22,15,32,52,8,29,60,4,23,33,22,43,60
1,2,11,4,4,23,2,9,42,2,10,60,2,5,40,0,2,13,0,2,17,5,12,60,9,16,60,8,26,60,17,29,60,10,31,60
0,2,10,0,3,19,2,5,35,2,10,60,0,3,46,0,1,14,0,0,12,1,5,55,0,7,60,5,20,60,1,10,60,0,17,60
0,0,8,2,2,15,1,8,27,2,10,45,2,9,31,0,1,7,0,0,5,5,12,44,2,3,50,11,32,60,6,18,60,4,5,38
0,0,9,0,2,18,2,6,35,0,4,50,0,6,42,0,1,10,0,0,7,5,12,60,0,5,58,8,30,60,6,14,60,2,5,60
0,2,5,1,1,6,1,4,15,4,14,27,5,13,22,0,0,2,0,0,0,1,5,18,0,9,28,3,18,60,7,11,44,1,1,23
0,0,3,0,1,4,0,2,9,0,3,19,0,9,16,0,0,1,0,0,2,0,2,14,0,2,22,10,18,60,0,1,31,0,1,7
0,2,2,1,14,21,2,11,16,1,3,10,3,11,22,1,6,14,0,5,6,9,21,37,5,23,29,10,51,60,6,31,46,0,14,32
1,3,5,8,11,13,2,8,13,2,11,30,10,23,37,1,3,3,2,3,13,5,16,26,9,23,36,7,50,60,16,44,60,15,22,54
1,3,3,0,2,5,3,9,15,4,30,60,5,15,25,2,3,8,1,8,11,4,12,26,4,15,23,13,47,60,26,56,60,6,19,41
0,1,4,1,4,12,3,7,14,0,11,20,4,13,30,1,4,8,0,2,7,4,12,27,3,9,27,15,37,60,11,47,60,2,28,38
0,0,9,0,1,16,3,7,32,1,5,48,3,6,33,0,1,9,0,0,7,0,8,57,3,5,52,15,26,60,5,18,60,2,5,60
0,0,10,1,1,21,1,7,36,5,12,55,1,10,38,1,1,10,0,0,8,1,4,60,2,7,53,4,28,60,3,12,60,0,3,60
0,1,4,1,4,12,3,7,14,0,11,20,4,13,30,1,4,8,0,2,7,4,12,27,3,9,27,15,37,60,11,47,60,2,28,38
2,5,6,4,15,23,2,12,14,6,21,27,4,21,25,4,55,60,2,33,56,1,21,34,5,19,35,10,36,53,12,44,60,11,51,60
2,5,7,4,18,26,2,3,6,10,30,39,3,18,37,11,28,33,13,55,60,1,15,24,13,46,60,8,30,45,6,35,50,15,60,60
2,5,7,0,11,16,3,6,16,14,22,25,3,11,20,14,49,58,5,12,30,7,18,31,6,18,35,10,44,60,17,39,60,19,46,60
1,3,5,0,3,4,1,7,8,2,25,34,6,8,13,2,20,60,1,12,17,6,29,41,14,31,41,11,44,60,9,31,57,8,26,60
0,6,6,2,8,15,1,7,12,3,9,28,2,12,21,39,60,60,9,27,38,5,21,30,2,26,51,9,44,60,12,43,60,18,56,60
1,3,5,1,11,19,1,5,7,1,18,32,0,13,28,8,60,60,9,18,35,3,16,26,8,26,45,9,44,60,13,40,60,12,27,57
1,2,7,1,2,10,1,5,18,2,4,37,2,3,15,0,0,7,0,4,26,2,11,49,2,6,49,10,35,60,2,10,60,2,5,38
0,3,5,1,5,17,2,6,8,7,19,28,0,10,25,0,53,60,8,15,35,3,14,27,6,31,49,10,48,60,11,49,60,9,25,45
1,2,9,0,4,20,2,6,24,0,1,25,0,1,23,0,0,11,0,1,20,1,11,56,3,9,60,5,27,60,2,6,60,0,16,60
1,3,7,2,4,21,1,3,21,0,19,32,0,4,14,2,5,6,1,1,21,4,7,56,3,11,46,5,26,60,9,14,60,2,31,60
0,0,13,1,1,24,1,1,31,2,13,35,1,4,22,0,0,17,1,2,38,1,3,60,0,2,60,7,21,60,3,5,60,1,23,60
1,2,9,0,3,18,4,6,20,1,2,25,2,3,16,0,0,9,1,1,19,7,13,52,2,9,60,8,23,60,5,9,60,14,18,60
1,3,5,0,2,7,0,4,8,20,29,31,1,12,16,2,15,28,3,16,24,3,25,34,6,36,55,13,48,60,8,33,60,8,37,60
0,1,6,0,1,10,1,1,15,0,9,34,1,2,12,1,2,6,0,1,10,2,7,38,0,7,37,7,23,60,2,9,52,0,11,60
0,5,7,2,9,18,1,7,11,0,9,24,0,12,23,36,60,60,6,28,45,4,18,31,4,25,52,11,45,60,9,39,60,10,57,60
1,5,6,0,3,14,3,5,9,6,20,24,3,8,17,19,44,56,5,11,20,9,20,32,4,19,36,13,44,60,17,36,54,19,48,56
2,2,3,6,9,11,1,6,6,3,19,27,2,10,14,7,17,22,14,27,35,3,14,27,7,16,28,9,37,57,6,21,39,13,27,38
0,0,12,0,0,18,0,2,16,0,2,50,0,2,27,0,0,29,0,0,38,1,4,49,0,2,60,3,12,60,0,4,60,0,2,60
1,3,3,0,4,4,2,11,13,0,2,4,3,10,13,4,13,14,1,4,8,7,18,23,5,15,16,16,48,60,10,32,46,6,29,32
0,0,12,0,0,17,0,1,15,0,2,34,0,2,24,0,0,29,0,0,38,0,3,46,0,0,56,4,11,60,0,4,60,0,0,60
1,3,7,2,6,18,1,6,24,0,0,19,0,2,29,0,1,8,0,1,21,1,9,52,8,17,51,9,29,60,2,11,59,1,5,56
0,1,3,4,7,9,1,7,10,1,2,4,1,7,15,1,2,8,0,4,12,4,19,26,0,13,20,11,28,49,11,27,43,1,20,48
1,4,5,0,3,8,0,5,14,2,9,17,5,14,22,1,20,37,4,14,43,4,16,34,0,19,38,9,27,57,10,52,60,13,50,60
1,3,8,1,4,24,3,7,24,1,1,17,2,7,27,0,8,35,1,6,60,4,14,60,3,17,51,8,46,60,6,24,60,13,23,55
1,1,3,0,4,8,2,7,11,4,8,10,1,7,14,6,8,13,0,8,15,9,23,32,3,9,19,8,32,60,10,37,60,6,32,43
0,4,5,1,6,6,3,8,12,3,12,23,5,13,25,8,37,44,17,36,43,7,22,32,5,28,43,7,33,59,13,59,60,26,60,60
0,0,2,0,1,4,1,3,7,2,21,22,6,13,17,0,0,3,0,0,7,1,4,14,1,4,18,7,17,60,0,1,16,0,0,4
1,3,7,2,5,18,1,5,23,0,0,19,0,2,29,0,1,8,0,0,21,1,8,52,8,18,49,10,29,60,2,11,60,1,5,57
1,3,8,2,5,5,4,10,12,2,14,28,3,7,21,3,29,39,1,19,31,9,30,46,10,33,52,9,31,55,5,54,60,32,60,60
1,3,5,0,3,14,3,8,18,13,25,34,6,21,40,0,2,5,6,14,15,7,24,31,8,23,42,11,45,60,17,53,60,4,37,44
1,5,6,1,6,7,3,7,16,1,11,29,2,17,26,0,10,17,1,15,36,2,15,39,6,29,47,8,44,60,4,36,60,3,52,60
1,3,5,1,6,15,2,5,22,0,6,51,1,4,28,1,6,11,0,7,20,2,22,58,2,16,42,7,29,60,12,27,60,3,30,60
1,2,5,3,3,7,3,7,16,0,2,29,1,4,14,2,4,8,0,0,3,4,13,31,2,8,28,13,40,60,10,21,36,8,23,56
0,2,6,1,1,15,1,6,22,1,3,52,0,3,29,2,3,11,3,6,19,4,24,56,3,14,45,10,28,60,6,28,60,1,51,60
1,2,5,0,1,15,2,6,23,1,2,49,0,3,30,1,2,17,0,4,23,3,10,59,9,19,41,8,35,60,10,31,60,5,55,60
1,2,6,3,7,11,4,5,23,3,24,35,3,11,25,3,4,11,1,2,13,5,16,59,5,9,44,6,22,60,7,22,60,6,60,60
0,2,6,0,4,4,3,6,13,0,4,24,2,5,10,2,6,7,0,0,2,4,16,23,0,9,23,14,29,60,4,18,31,6,14,23
1,3,6,1,10,14,1,4,9,10,19,38,7,14,26,1,9,59,9,12,27,4,15,31,6,20,45,16,39,60,6,45,60,5,24,53
0,3,5,3,11,17,1,3,6,6,13,24,3,10,18,17,26,30,18,25,39,7,15,19,2,28,43,9,23,48,4,14,27,21,40,60
0,2,3,1,3,4,0,6,7,0,4,33,3,10,10,0,10,44,2,8,15,12,27,33,8,17,30,6,32,60,5,26,42,2,27,45
1,2,7,2,4,18,1,4,19,1,6,32,0,0,10,2,4,6,0,1,16,2,9,52,3,11,43,8,26,60,6,16,59,3,14,60
0,2,5,0,3,16,1,5,22,0,1,46,1,3,32,0,2,16,0,4,23,3,8,50,7,19,39,8,38,60,15,30,60,5,55,60
0,0,6,0,4,12,0,2,22,0,15,49,1,8,24,0,2,11,0,1,13,2,11,58,0,2,36,5,20,60,0,9,60,23,57,60
0,1,5,1,1,4,0,4,12,3,3,10,2,4,8,2,4,7,0,0,1,4,8,19,2,2,21,3,25,60,2,8,26,0,5,23
0,1,7,2,2,15,1,2,22,0,10,32,1,2,26,1,7,25,1,10,27,5,9,48,0,9,57,6,28,60,6,12,60,1,9,60
0,4,7,1,4,7,3,9,14,1,12,21,2,9,17,4,31,37,1,26,35,3,25,43,8,36,49,8,31,60,14,38,60,41,60,60
1,3,7,2,4,6,2,8,14,3,15,42,2,10,20,3,15,33,1,7,26,11,36,45,8,33,49,11,33,56,11,53,60,9,60,60
1,3,9,1,4,20,2,10,26,0,2,19,2,8,28,5,12,39,1,3,60,7,18,60,4,12,53,12,48,60,11,28,60,5,25,60
0,0,0,0,1,6,3,4,4,0,0,1,0,2,2,0,1,1,0,7,15,1,13,22,1,1,7,6,29,44,2,12,16,0,6,7
1,1,4,0,4,9,1,6,10,4,8,10,1,7,15,6,8,14,0,9,16,8,22,32,3,9,22,8,32,60,11,37,60,7,32,44
1,2,7,0,3,12,1,6,11,2,6,12,3,12,17,3,20,32,11,32,43,3,17,27,7,18,34,8,39,60,11,30,51,7,17,35
1,3,7,2,6,18,1,3,24,0,0,21,0,3,29,0,2,7,0,1,20,1,8,51,9,21,50,10,30,60,3,10,55,1,6,54
0,1,6,2,2,15,2,3,23,0,0,20,1,2,28,0,1,6,0,7,15,2,5,39,1,14,43,8,26,60,4,7,50,0,3,60
1,4,5,0,3,6,4,6,13,3,8,17,0,9,21,18,32,38,12,25,33,5,25,39,12,32,46,3,31,55,19,55,60,60,60,60
1,3,17,1,2,25,2,4,42,4,34,60,1,11,60,2,6,60,1,5,60,6,20,60,4,13,60,4,33,60,8,38,60,3,12,60
0,2,10,0,5,27,1,4,22,0,2,43,0,4,37,4,5,58,1,6,34,3,5,60,0,11,60,10,28,60,1,13,60,2,3,60
0,0,5,0,1,14,1,8,23,1,4,47,2,5,29,0,3,11,2,8,18,10,24,52,0,3,36,5,24,60,10,25,60,3,52,60
0,0,7,1,1,20,1,2,19,0,0,20,1,2,31,2,2,18,1,4,32,5,6,58,1,1,55,6,18,60,5,5,60,2,4,60
1,3,8,2,5,18,3,6,23,0,0,18,1,1,27,0,0,10,0,1,22,7,16,54,3,15,55,8,30,60,2,12,60,2,5,60
1,3,6,1,3,8,3,6,10,2,17,23,5,11,14,15,51,60,5,12,22,12,26,36,5,23,38,12,44,60,7,39,50,14,49,58
0,4,4,1,4,11,1,6,11,3,21,44,2,9,20,7,24,60,2,22,39,3,18,28,8,32,50,7,50,60,13,46,60,8,32,60
0,3,3,4,15,16,2,4,12,7,10,19,4,11,22,6,27,28,3,24,28,8,20,25,7,30,38,11,37,60,9,14,27,23,40,48
0,2,5,2,5,19,1,2,17,2,10,39,1,6,21,3,7,18,1,9,26,3,9,46,2,13,44,5,27,60,6,15,60,4,28,60
0,1,5,2,5,17,0,2,16,0,2,21,3,5,20,2,4,13,0,10,25,3,7,46,1,12,43,8,25,60,1,15,60,4,29,60
0,0,4,0,0,16,2,6,23,2,4,60,2,6,31,1,1,8,1,5,14,1,15,50,0,0,40,3,11,60,3,12,60,1,4,60
1,3,6,2,3,11,1,6,16,1,2,31,0,3,17,3,5,10,0,0,3,4,11,35,5,11,29,5,39,60,8,17,39,6,14,60
0,2,6,3,5,19,0,3,17,9,10,51,0,6,21,3,7,19,7,8,25,3,9,45,7,14,45,6,33,60,6,21,60,4,29,60
1,2,5,1,3,4,3,7,13,0,2,25,1,4,10,2,3,7,0,0,2,7,9,22,0,5,22,10,34,60,10,19,30,6,20,24
0,1,5,1,1,15,1,7,22,1,2,55,0,3,31,1,2,13,2,6,21,6,16,54,4,12,39,9,29,60,5,27,60,29,35,60
0,0,4,0,1,11,2,6,22,2,9,55,1,11,26,1,2,8,2,5,12,7,19,53,0,1,28,4,27,60,8,14,60,4,54,60
1,3,6,2,3,7,2,6,16,1,1,31,0,3,16,2,5,10,0,0,3,5,12,31,6,11,28,7,35,60,8,16,39,6,15,60
2,2,6,1,7,10,2,8,22,0,12,34,1,10,26,4,4,11,1,1,13,8,15,57,7,9,44,4,24,60,12,21,60,5,54,60
0,0,4,1,1,12,2,5,21,2,4,54,2,7,24,1,1,8,0,2,11,6,14,51,0,0,27,9,23,60,7,10,60,3,12,60
0,2,5,1,1,15,1,6,22,1,3,52,0,3,29,1,4,11,3,6,19,4,23,56,3,14,45,9,27,60,6,28,60,2,52,60
0,2,5,1,1,15,1,6,22,1,3,52,0,3,29,1,4,11,3,6,19,4,23,56,3,14,45,9,27,60,6,28,60,2,52,60
0,2,5,1,1,15,1,6,22,1,3,52,0,3,29,1,4,11,3,6,19,4,23,56,3,14,45,9,27,60,6,28,60,2,52,60
0,0,4,1,1,4,0,1,12,1,3,6,1,3,7,2,2,7,0,0,0,1,5,19,2,2,16,2,18,60,1,3,24,0,0,23
0,0,3,0,1,12,1,6,21,3,5,54,3,7,24,0,2,8,2,4,11,3,14,45,0,0,26,8,17,60,1,16,60,0,6,60
2,3,6,1,6,7,1,10,16,4,11,39,2,11,29,1,5,15,1,11,30,3,17,38,7,32,45,12,39,60,3,39,60,3,49,60
1,1,6,2,4,16,3,4,23,0,1,32,2,2,27,1,2,4,7,7,14,3,6,40,4,13,44,9,30,60,3,12,48,1,3,60
0,2,13,0,2,23,0,4,26,13,21,60,2,6,51,1,5,60,1,4,60,2,21,60,2,13,60,10,30,60,2,32,60,17,26,60
0,0,3,0,2,6,3,4,9,3,3,22,10,15,17,1,1,3,0,0,10,3,6,15,1,5,27,6,25,60,0,4,18,0,0,4
0,1,9,4,4,17,1,3,26,0,0,17,2,2,28,0,1,17,0,4,30,2,6,52,1,8,52,8,20,60,1,9,60,1,1,60
1,3,4,4,10,12,3,3,10,2,7,9,2,8,15,3,19,25,2,31,33,4,18,24,1,18,26,6,37,60,7,23,38,1,16,23
0,2,8,0,6,17,2,3,25,0,0,20,0,4,31,0,1,11,0,7,25,3,5,46,1,11,53,9,22,60,2,9,60,0,1,60
0,0,2,1,4,5,3,5,8,0,1,5,1,2,4,0,1,8,1,2,10,4,13,26,1,5,12,8,35,54,10,16,28,4,14,25
0,2,3,4,8,8,1,10,10,1,6,8,2,12,17,0,6,13,1,6,17,10,25,30,4,7,22,10,41,60,12,38,54,14,36,50
1,2,7,2,4,18,1,4,19,1,6,32,0,0,10,2,4,6,0,1,16,2,9,52,3,11,43,8,26,60,6,16,59,3,14,60
0,1,1,1,2,4,1,3,4,0,0,3,0,2,2,0,3,8,7,18,20,6,13,21,1,9,13,8,33,53,2,8,18,0,4,14
0,1,7,1,3,14,1,5,17,0,0,16,0,3,13,0,0,8,0,3,18,4,14,52,2,7,47,12,25,60,3,9,57,1,3,53
0,4,5,1,4,8,1,4,12,24,31,38,3,9,20,6,24,35,1,19,36,4,19,34,7,39,55,18,52,60,12,42,60,5,45,60
1,2,11,1,1,16,2,2,26,11,11,60,3,4,29,0,0,19,0,3,40,6,9,60,3,10,60,10,21,60,8,10,60,1,3,60
1,6,6,2,5,14,0,6,13,3,10,28,2,12,22,42,60,60,7,26,32,6,22,31,2,24,48,8,45,60,11,40,60,19,57,60
1,1,13,1,1,21,2,2,28,0,11,60,2,5,37,0,0,50,0,3,57,2,9,60,3,4,60,6,22,60,3,10,60,2,3,60
1,2,6,0,1,11,1,4,18,0,2,43,1,3,20,1,1,6,6,10,22,7,12,42,6,12,46,12,32,60,3,6,60,0,3,20
1,1,2,3,9,12,2,11,16,1,3,12,1,8,16,2,10,13,4,6,7,7,28,35,11,17,25,9,51,60,4,25,39,2,25,46
1,2,4,1,5,10,1,5,11,8,16,20,0,5,9,0,10,20,2,6,11,3,11,16,5,16,22,7,35,60,5,30,44,3,22,32
2,3,6,1,1,9,2,2,20,0,0,37,1,1,25,0,0,3,0,0,0,2,2,29,5,13,29,10,24,60,6,7,57,1,1,28
1,2,3,0,2,5,4,9,17,7,28,52,2,15,26,2,3,8,2,9,10,4,16,26,5,14,27,16,49,60,23,60,60,7,20,35
0,2,12,1,7,22,4,10,35,3,16,60,0,4,39,1,3,11,0,1,12,4,13,59,0,13,60,10,29,60,9,27,60,3,9,60
2,2,11,2,4,17,3,7,31,6,11,60,2,3,42,1,1,11,0,0,5,2,6,52,7,7,60,4,21,60,4,13,60,15,18,49
1,2,10,1,7,22,3,7,41,0,15,60,2,4,48,1,2,19,1,2,15,6,12,60,2,9,56,12,38,60,3,26,60,1,5,60
0,1,10,1,5,23,2,12,37,3,7,60,0,4,46,2,3,13,0,1,12,3,15,60,0,5,60,18,35,60,8,29,60,1,7,60
0,1,12,1,3,22,0,5,39,2,14,60,2,10,45,0,2,14,0,3,12,3,9,60,2,13,60,5,20,60,2,18,60,1,3,60
0,0,3,0,0,4,0,1,7,0,0,21,0,5,15,0,0,1,0,0,2,0,1,13,1,2,21,9,16,60,0,0,27,0,0,10
0,0,3,0,1,6,0,2,9,0,5,26,1,9,17,0,0,1,0,0,2,0,2,17,1,1,22,3,17,60,0,4,36,0,1,11
1,3,5,7,13,13,2,8,11,2,9,36,10,25,38,1,3,6,2,3,8,2,13,28,8,25,41,4,45,60,10,37,60,14,29,58
1,1,9,4,6,21,3,8,40,6,16,60,3,5,39,0,1,12,0,1,11,4,12,60,9,12,58,5,29,60,11,34,60,3,13,60
1,2,10,1,4,17,2,7,31,6,11,60,2,3,41,1,1,10,0,0,5,2,6,47,7,7,60,3,23,60,4,16,60,15,18,47
0,0,0,2,6,7,5,8,14,0,1,3,2,5,10,0,2,6,0,0,1,4,17,23,2,5,12,11,28,59,5,22,32,1,10,13
1,1,3,5,11,17,2,6,10,0,8,12,2,8,13,6,14,29,5,17,26,7,19,27,6,22,34,14,35,60,5,14,21,13,37,43
2,5,6,4,15,22,1,12,14,6,22,27,4,19,25,4,56,60,2,31,56,1,19,34,5,19,34,8,37,59,12,47,60,12,53,60
1,1,4,1,6,6,1,6,11,2,15,18,1,5,9,0,9,17,2,6,8,1,7,13,5,11,21,9,34,60,5,24,40,1,17,31
0,0,2,0,6,15,3,10,15,1,2,5,2,9,15,1,3,11,0,0,6,8,17,28,2,12,22,10,50,60,9,26,41,0,11,18
1,6,8,6,15,36,1,6,7,14,35,43,10,24,43,9,26,31,8,43,57,1,12,26,17,54,60,12,24,60,11,34,48,12,60,60
0,3,6,3,6,12,2,6,10,0,24,41,7,17,30,0,1,9,1,18,26,4,17,29,6,22,43,12,37,60,11,38,60,8,19,41
0,0,1,1,3,8,0,8,11,0,2,2,1,3,6,4,4,6,1,1,3,4,12,25,0,2,10,8,33,54,7,16,23,6,9,10
0,1,1,1,6,8,4,11,12,1,2,2,1,5,7,4,6,9,1,3,6,6,19,29,0,10,16,7,35,60,9,20,27,7,10,19
1,2,3,4,11,17,1,5,10,6,10,14,2,10,21,6,25,29,5,23,28,10,21,29,7,28,35,12,39,60,9,14,25,30,38,42
0,2,7,0,3,12,3,5,19,0,10,48,0,3,16,0,0,7,0,3,32,4,13,51,0,9,51,10,29,60,5,13,60,3,9,56
1,1,9,0,2,18,0,2,26,0,10,34,0,5,19,1,2,10,0,5,35,2,12,60,4,9,55,4,21,60,3,19,60,1,33,60
1,1,9,0,2,18,0,2,26,0,10,34,0,5,19,1,2,10,0,5,35,2,12,60,4,9,55,4,21,60,3,19,60,1,33,60
1,1,9,0,2,18,0,2,26,0,10,34,0,5,19,1,2,10,0,5,35,2,12,60,4,9,55,4,21,60,3,19,60,1,33,60
1,3,5,1,2,10,0,4,9,19,24,30,0,9,19,2,9,20,2,19,24,7,19,34,7,33,51,11,46,60,12,26,48,10,37,49
0,0,7,0,1,10,0,1,14,0,9,34,0,2,12,1,1,7,0,1,19,1,8,41,0,6,41,5,17,60,2,8,50,0,9,60
1,5,7,2,9,20,0,10,16,5,21,28,2,14,28,37,60,60,9,28,44,4,20,35,3,20,49,11,42,60,9,46,60,19,51,60
0,1,6,0,1,10,0,1,14,0,9,34,1,2,12,1,2,6,0,1,13,2,7,37,0,7,39,3,18,60,3,9,53,0,11,60
0,1,6,0,1,10,0,1,14,0,9,34,1,2,12,1,2,6,0,1,13,2,7,38,0,7,39,3,18,60,3,9,53,0,11,60
0,1,6,0,1,10,0,1,13,0,9,34,1,2,12,1,2,6,0,1,13,2,7,38,0,7,39,3,18,60,3,9,53,0,11,60
0,0,13,1,1,25,1,1,31,2,13,35,1,4,21,0,0,17,1,2,38,1,3,60,0,2,60,7,21,60,3,5,60,1,23,60
0,2,10,0,2,20,0,1,23,1,8,36,1,1,19,0,1,19,2,5,39,4,11,60,2,13,56,5,20,60,7,18,60,5,10,60
0,2,7,2,4,19,1,4,20,0,10,32,0,3,12,0,4,6,0,1,19,2,7,55,2,11,46,5,27,60,4,13,60,0,30,60
0,6,6,2,10,18,1,8,11,0,9,28,1,13,23,38,60,60,7,27,40,4,21,31,3,25,54,10,45,60,10,42,60,16,56,60
0,1,2,0,2,4,0,3,7,0,1,3,0,2,4,0,7,10,3,18,21,2,18,26,1,11,16,8,35,60,2,13,26,0,8,15
1,2,7,1,3,13,1,2,19,9,9,34,1,1,12,2,5,6,1,1,21,5,10,50,7,13,41,8,24,60,9,17,55,10,13,60
1,2,8,3,5,18,1,5,21,0,0,18,1,1,27,0,0,9,0,2,18,7,15,51,3,14,50,11,31,60,3,10,60,3,4,54
0,1,3,1,2,6,1,4,6,0,0,2,0,2,6,0,3,5,0,13,20,2,11,20,0,9,17,11,25,50,2,12,16,2,8,25
0,0,12,1,1,25,1,1,30,3,13,34,3,4,22,0,0,16,1,2,38,2,3,60,0,1,60,6,20,60,3,4,60,15,23,60
1,2,6,0,3,13,3,5,20,1,10,48,0,3,18,0,0,7,1,3,33,4,14,54,1,9,51,10,32,60,6,16,60,5,9,58
0,1,5,0,0,6,0,2,14,0,2,43,0,3,17,0,1,3,0,7,17,1,7,32,0,7,37,6,22,60,0,4,51,0,0,19
0,2,7,0,3,12,3,5,20,0,10,48,0,3,17,0,0,7,1,3,33,4,13,51,0,9,52,10,31,60,6,13,60,4,9,57
1,2,8,0,3,18,3,5,19,1,2,25,2,3,16,0,0,9,1,1,19,7,14,52,6,9,54,10,29,60,6,9,60,14,18,60
1,2,6,0,9,10,2,6,10,3,23,28,3,11,14,4,21,30,2,22,40,5,26,41,4,28,41,8,33,54,13,29,55,5,54,60
0,1,9,4,4,19,0,3,25,0,0,17,0,2,21,0,0,15,0,0,33,0,2,59,1,8,60,7,22,60,0,8,60,1,1,60
0,2,4,4,10,11,1,6,8,2,3,7,2,7,12,1,11,21,0,2,32,4,12,23,0,7,18,12,32,60,10,21,32,3,14,19
0,2,5,4,10,11,2,5,11,2,3,7,1,6,12,0,15,25,0,22,32,3,14,24,0,10,21,10,38,60,9,20,35,2,14,20
0,1,3,4,6,8,1,10,10,1,6,8,2,10,16,0,6,12,1,5,14,8,25,29,4,7,21,9,40,60,13,36,51,13,34,48
1,2,3,0,7,9,3,6,12,3,8,10,4,14,18,2,8,15,2,8,20,8,26,33,3,9,19,5,45,60,11,49,60,23,35,60
0,2,3,3,8,10,3,9,10,2,6,8,1,12,17,0,5,13,1,7,16,10,24,33,3,8,21,11,44,60,12,39,57,15,46,54
2,2,4,1,3,9,1,3,6,0,21,27,2,6,12,3,6,10,3,12,22,3,12,33,14,18,34,7,37,59,7,20,43,7,29,50
1,2,6,0,3,14,1,3,17,0,1,23,1,3,24,1,2,4,0,1,14,2,5,43,6,18,46,10,26,60,5,13,42,2,4,30
1,3,6,2,4,16,1,3,19,0,0,17,0,1,28,0,1,7,0,1,18,1,6,49,7,18,48,9,23,60,1,10,49,0,6,49
1,4,15,1,4,26,1,6,36,3,33,60,0,9,60,4,9,60,2,6,60,10,30,60,6,23,60,8,31,60,16,43,60,3,20,60
1,3,6,1,6,9,1,10,17,5,12,37,3,12,27,2,6,20,2,9,33,3,17,38,8,28,47,8,38,60,5,46,60,7,55,60
1,2,14,1,2,26,0,1,36,0,14,60,1,3,53,1,4,50,1,2,53,2,12,60,3,11,60,11,30,60,7,16,60,1,8,60
1,4,5,0,5,8,0,8,12,3,9,18,0,15,26,17,29,42,11,29,41,4,19,38,8,22,48,5,29,54,24,46,60,28,60,60
0,1,4,2,2,4,0,3,5,1,2,36,0,2,12,1,1,1,0,0,3,2,4,16,0,1,7,6,14,39,4,6,20,2,3,18
0,0,4,0,1,14,1,10,22,1,4,56,2,6,30,0,3,11,2,6,20,10,20,52,0,7,34,6,28,60,11,23,60,28,34,60
1,3,6,2,3,7,4,6,15,1,1,27,1,3,13,1,5,8,0,0,2,5,13,28,7,11,28,12,29,60,5,17,36,6,15,43
1,1,5,1,3,7,2,6,14,1,1,27,1,3,11,1,3,7,0,0,2,4,8,28,1,3,22,14,29,60,5,17,30,11,17,50
1,3,5,1,2,15,2,6,22,0,4,50,1,5,27,1,5,11,3,6,20,6,25,57,3,14,42,7,29,60,9,28,60,0,56,60
0,2,5,1,1,15,2,7,21,1,2,52,1,4,27,0,3,11,3,6,19,8,21,54,1,12,42,7,27,60,6,27,60,1,57,60
1,2,5,0,4,4,4,6,13,0,3,22,2,5,9,2,5,7,0,0,2,4,14,22,0,8,21,11,30,60,6,16,29,4,14,23
1,2,6,3,7,12,2,6,21,5,24,35,5,10,27,3,4,11,1,2,13,3,17,58,6,9,43,5,20,60,7,22,60,39,60,60
0,1,5,0,1,5,2,4,13,1,1,26,0,2,10,0,2,7,0,0,2,1,6,27,1,1,22,10,27,60,4,13,29,8,15,50
0,2,5,0,4,15,2,5,24,0,2,47,1,3,31,1,2,17,0,4,24,4,8,52,11,19,40,5,42,60,16,31,60,5,56,60
1,1,8,0,5,17,1,2,23,1,10,49,0,2,28,4,7,36,4,9,33,3,7,59,3,7,58,10,21,60,4,8,60,1,6,60
0,0,4,0,1,11,0,2,20,1,2,46,0,4,24,0,1,8,0,0,11,4,10,50,0,0,20,9,19,60,3,8,60,1,22,60
1,1,4,2,2,4,3,3,6,2,6,36,1,2,12,1,1,1,0,0,3,2,7,15,1,1,7,6,14,42,6,7,22,1,6,18
1,2,10,1,7,24,3,6,44,0,13,60,2,4,47,0,2,21,1,2,14,6,12,60,3,10,56,6,34,60,3,24,60,1,6,60
1,2,10,4,6,22,3,9,40,2,15,60,2,5,39,0,2,13,0,1,16,4,12,60,9,16,60,6,27,60,19,30,60,11,12,60
0,0,2,2,5,17,0,8,18,0,2,4,1,11,23,1,4,5,0,0,0,3,11,26,0,8,17,11,45,60,7,32,49,4,5,25
1,1,10,0,0,19,1,5,19,1,11,30,0,3,18,0,1,9,0,1,25,2,6,60,2,3,60,3,25,60,1,5,60,2,19,60
1,2,8,0,0,18,0,5,20,1,2,24,2,3,15,0,1,9,0,1,18,3,8,55,2,9,53,8,24,60,3,7,60,15,16,60
1,1,8,0,3,17,0,2,26,0,11,34,0,5,16,1,2,10,0,4,31,2,15,60,4,12,48,7,20,60,6,25,60,1,32,60
2,4,6,0,5,14,3,6,14,14,21,25,3,12,17,11,42,55,3,10,19,7,18,28,4,16,30,8,45,60,17,36,59,20,46,60
0,0,4,0,1,12,2,6,22,2,7,55,2,8,24,1,1,8,0,2,12,7,16,51,0,1,27,9,26,60,7,11,60,3,55,60
0,0,4,0,1,11,2,5,22,1,6,48,1,9,23,0,1,8,0,2,12,5,19,52,0,1,29,9,27,60,4,12,60,7,60,60
1,2,5,0,2,3,4,13,15,14,23,45,4,18,24,2,4,4,3,6,17,4,16,27,8,15,31,20,51,60,16,60,60,9,31,43
2,4,6,0,4,8,2,5,12,4,9,19,1,13,24,15,33,42,7,26,39,4,22,36,9,29,49,4,27,57,17,52,60,45,60,60
1,2,5,3,5,11,3,8,11,2,10,38,6,17,23,4,13,35,12,19,41,4,23,39,5,18,42,10,52,60,14,50,60,15,56,60
1,4,7,2,6,18,2,4,24,0,0,31,0,3,29,0,2,6,0,5,19,1,4,51,9,22,50,9,35,60,3,11,51,2,5,60
1,1,3,0,0,7,2,6,10,2,8,10,2,6,15,6,11,13,1,9,22,5,20,34,2,10,27,9,33,60,10,31,59,5,18,43
1,2,5,1,7,12,2,5,10,7,20,27,3,9,15,5,19,22,8,27,36,5,21,31,5,19,37,9,39,54,9,27,41,21,28,57
1,3,15,1,4,26,0,5,37,3,33,60,1,8,60,3,9,60,3,7,60,9,28,60,6,19,60,8,30,60,15,40,60,3,35,60
1,2,14,0,3,25,0,2,31,1,18,60,1,3,51,1,6,52,0,3,51,2,12,60,1,11,60,9,32,60,2,15,60,1,25,60
1,3,4,1,4,5,3,8,13,0,1,2,2,7,12,4,13,15,3,7,9,4,18,24,9,15,20,13,42,60,12,28,48,17,26,32
1,2,6,4,7,12,2,7,23,0,4,34,1,7,26,0,4,12,0,2,14,4,15,60,2,8,45,5,20,60,6,22,60,6,13,60
1,1,8,0,5,17,1,2,21,2,10,46,1,2,26,5,7,27,5,9,29,4,7,56,5,7,58,9,22,60,5,9,60,1,6,60
1,2,5,1,3,5,4,7,14,0,3,27,1,4,11,2,5,7,0,0,2,5,13,26,0,8,22,12,37,60,9,19,31,8,23,32
0,0,13,1,1,23,1,2,27,11,12,33,4,4,18,0,1,13,1,2,36,2,3,60,0,0,60,6,19,60,2,6,60,18,21,60
0,2,5,1,5,16,1,6,9,7,17,32,1,9,22,1,44,60,8,16,31,3,20,29,7,27,50,9,52,60,11,48,60,7,30,49
0,4,5,2,13,26,1,3,5,2,22,37,0,17,32,25,60,60,9,26,45,2,14,18,5,27,60,12,42,60,11,45,60,6,31,60
0,1,1,2,6,8,6,10,14,1,2,3,3,6,11,1,5,10,0,3,6,4,21,31,0,10,18,6,36,60,8,24,34,6,10,27
0,0,0,2,4,7,4,7,11,0,1,2,2,4,9,0,3,6,0,0,1,4,13,23,2,3,9,11,31,45,5,20,33,2,8,13
1,1,1,6,9,12,1,6,11,0,8,11,1,7,11,5,8,20,5,6,18,5,20,30,9,16,28,20,34,60,3,18,27,11,36,45
1,3,3,2,11,25,2,8,15,3,12,19,4,17,27,1,22,31,4,23,28,9,26,31,11,31,42,5,51,60,6,20,38,10,38,50
1,2,10,4,5,22,3,8,41,4,14,60,3,5,39,0,2,13,0,2,15,5,10,60,9,20,60,7,21,60,15,32,60,9,32,60
0,1,11,0,5,19,1,6,37,2,18,60,0,1,44,0,3,16,0,1,15,1,8,60,0,6,60,10,28,60,2,17,60,0,2,60
0,0,9,0,2,18,2,6,35,0,5,50,1,8,39,0,1,10,0,0,7,4,13,60,0,4,57,12,31,60,7,18,60,3,5,60
1,2,10,1,4,17,2,7,31,6,11,60,2,3,41,1,1,10,0,0,5,2,6,47,7,7,60,3,23,60,4,16,60,15,18,47
0,0,3,0,1,4,0,2,9,0,3,19,0,9,16,0,0,1,0,0,0,0,2,14,0,2,22,10,18,60,0,1,31,0,1,7
0,1,5,0,4,4,1,7,14,0,3,15,2,5,8,3,4,7,0,0,2,4,9,21,0,5,21,5,31,60,6,14,26,3,12,23
1,2,5,1,3,7,3,7,15,0,2,27,1,4,12,2,5,7,0,0,2,5,12,28,0,8,23,13,38,60,9,20,32,8,23,48
0,0,4,0,1,7,1,2,13,1,1,29,0,1,12,0,0,7,0,0,2,0,2,28,1,1,22,9,21,60,2,7,30,8,12,57
0,2,5,0,4,15,1,4,24,0,2,42,2,4,30,1,2,16,0,4,25,1,8,54,12,20,43,5,40,60,15,28,60,5,53,60
0,0,6,0,3,18,0,3,19,0,0,17,1,5,19,1,3,16,2,3,29,3,9,50,1,2,45,10,21,60,2,7,60,3,8,54
0,2,6,0,5,10,1,8,22,4,9,42,3,10,27,3,4,9,0,3,13,4,22,53,1,8,42,9,24,60,5,26,60,22,60,60
0,3,19,0,2,29,3,11,43,5,25,60,3,16,60,1,3,60,2,7,60,3,16,60,6,25,60,16,43,60,4,43,60,6,34,60
1,3,7,3,4,5,1,9,13,4,16,43,2,8,18,4,13,33,2,7,22,10,33,45,9,26,47,11,35,57,10,48,60,10,51,60
1,2,16,1,2,24,1,2,40,1,31,60,1,9,60,2,6,60,1,4,60,4,14,60,4,11,60,13,31,60,8,28,60,1,8,60
0,3,5,0,7,12,1,7,12,11,20,29,2,12,22,4,18,46,2,26,39,5,18,28,7,29,50,10,41,60,9,48,60,3,37,60
1,3,6,3,6,11,3,4,9,8,17,34,7,14,27,1,4,16,0,20,35,2,18,31,6,26,40,10,40,60,11,38,60,6,22,60
1,3,4,1,4,7,3,9,14,0,4,8,2,9,14,6,12,23,1,11,26,5,20,30,6,21,25,15,46,60,7,41,52,6,21,38
1,3,5,1,9,9,2,6,10,3,24,28,3,10,14,2,20,29,3,19,34,5,24,42,5,28,38,12,35,57,15,32,58,5,51,60
0,2,5,2,9,10,2,8,12,2,4,11,3,14,16,1,6,13,1,14,20,5,23,30,2,20,30,18,41,59,4,37,55,9,45,60
1,3,7,2,6,18,1,4,24,0,0,22,0,3,29,0,2,7,0,3,20,1,6,51,9,21,50,11,32,60,2,11,55,1,6,60
0,0,0,0,1,5,3,4,5,0,1,1,0,2,2,0,1,1,0,5,11,1,8,20,1,1,7,5,28,44,2,12,16,1,6,8
0,0,1,1,4,5,3,4,5,0,1,1,1,2,3,0,1,4,1,5,11,1,9,23,1,3,8,6,30,47,5,13,19,3,6,19
0,2,9,0,2,16,0,1,25,0,15,34,0,3,18,1,2,15,1,5,36,4,10,60,5,12,53,7,21,60,7,17,60,3,10,60
0,1,6,0,1,11,1,2,13,0,9,34,0,2,11,1,3,6,0,1,10,2,7,35,0,7,34,7,24,60,2,12,51,0,12,60
0,3,6,2,4,8,2,5,10,6,24,46,4,11,17,7,26,47,5,27,50,6,23,28,7,36,55,11,46,60,13,51,60,7,46,60
0,2,8,0,4,21,1,2,21,0,20,34,0,5,15,1,3,6,1,2,23,3,8,57,1,13,49,2,23,60,5,17,60,0,30,60
0,0,13,1,1,23,1,1,29,1,13,35,1,4,20,0,0,16,1,2,38,1,3,60,0,2,60,7,21,60,3,5,60,1,23,60
1,4,5,1,2,6,2,5,9,3,26,34,5,10,13,4,35,60,2,13,21,6,28,42,12,35,47,9,49,60,10,35,60,10,35,60
1,2,9,1,2,16,0,4,22,5,8,35,1,1,15,0,1,16,3,4,36,3,12,60,7,12,54,6,27,60,9,19,60,5,12,60
0,1,6,0,1,10,0,1,14,0,9,34,1,2,12,1,2,6,0,1,13,2,7,38,0,7,39,3,18,60,3,9,53,0,11,60
0,0,9,0,2,18,2,3,29,0,2,35,0,0,22,0,0,24,0,7,36,0,6,60,1,3,60,3,24,60,1,6,60,3,6,60
1,5,7,5,20,26,0,4,8,1,13,46,4,17,26,50,60,60,15,40,60,3,13,27,6,38,54,10,40,60,13,47,60,11,52,60
0,2,8,0,1,18,1,4,23,0,11,60,1,3,28,0,1,12,2,11,44,3,11,60,2,11,60,12,29,60,3,12,60,3,6,60
1,2,6,0,1,12,1,4,19,0,2,44,1,3,20,1,1,5,7,10,26,6,12,50,7,12,48,10,34,60,3,8,60,0,3,25
1,2,6,0,1,12,1,4,19,0,2,44,1,3,20,1,1,5,7,10,26,6,12,50,7,12,48,10,34,60,3,8,60,0,3,25
0,1,8,0,0,15,2,4,22,0,0,59,0,2,29,0,1,9,2,11,49,0,9,60,2,11,60,13,32,60,1,7,60,2,5,60
0,0,2,0,10,17,2,10,16,0,2,6,3,11,21,1,4,5,0,0,3,6,14,25,1,11,24,10,48,60,11,27,45,4,6,27
0,0,1,3,4,7,5,10,12,1,2,2,2,6,8,1,5,6,0,1,4,5,20,25,2,8,17,7,26,60,9,21,31,6,9,15
0,0,2,1,7,19,3,12,16,0,3,7,2,11,17,1,3,10,0,2,6,8,16,28,2,16,27,9,53,60,11,26,43,0,11,26
1,4,7,0,7,14,1,7,11,3,22,47,2,27,40,0,0,2,4,14,24,6,17,28,5,23,45,6,40,60,9,43,60,5,27,60
1,2,5,6,12,17,5,9,13,1,6,21,5,12,18,4,10,17,2,12,26,0,10,27,7,13,27,4,21,46,8,28,48,4,18,38
0,1,1,2,6,8,4,10,12,1,2,3,2,6,9,2,5,9,1,3,6,4,21,30,0,9,17,7,32,60,10,21,31,7,10,22
1,3,9,1,4,18,1,6,30,7,7,60,1,3,38,0,1,8,0,0,4,1,5,46,4,10,54,4,21,60,3,14,60,15,17,46
1,2,4,0,2,8,3,8,17,11,23,31,4,17,29,2,4,8,2,7,14,7,14,31,3,17,29,20,48,60,24,60,60,9,28,41
1,4,8,2,2,16,1,3,25,1,7,60,0,3,32,0,0,8,0,0,2,1,3,35,3,12,43,13,25,60,4,13,60,0,17,35
0,2,11,1,8,22,3,10,38,3,14,60,0,4,40,1,3,11,0,1,14,4,15,60,0,11,60,12,32,60,13,30,60,2,11,60
0,0,8,1,2,15,1,8,28,0,4,47,1,7,31,0,2,7,0,0,4,3,13,46,3,5,51,16,33,60,6,22,60,3,6,40
0,0,5,0,3,9,1,5,18,13,19,35,4,13,26,1,1,3,0,0,1,5,11,24,0,3,32,8,21,60,11,21,50,0,6,26
0,1,10,3,4,21,5,9,34,3,13,60,1,3,43,2,3,11,0,1,12,5,10,60,0,8,60,17,32,60,9,24,60,1,6,60
0,2,4,3,11,12,2,7,13,0,8,18,4,19,27,2,3,8,0,3,5,3,12,25,3,14,27,8,37,60,12,45,60,6,25,30
0,2,9,2,4,19,3,7,33,6,12,60,2,3,38,1,2,11,0,0,10,3,8,52,2,7,59,4,30,60,4,17,60,2,19,60
0,1,10,3,5,20,4,8,35,2,11,60,1,2,46,1,3,14,0,1,12,3,12,60,0,5,60,13,29,60,2,22,60,1,6,60
0,1,10,0,8,20,4,10,35,3,21,60,1,7,34,0,3,13,0,0,8,1,13,60,0,13,56,6,26,60,8,33,60,1,13,60
0,1,8,0,2,16,1,6,27,0,9,47,0,5,31,0,1,6,0,0,5,1,5,48,1,8,52,3,24,60,5,15,60,1,18,60
1,4,5,6,12,24,2,6,12,4,14,33,6,28,44,0,8,25,0,9,29,1,17,31,6,39,54,25,45,60,2,25,59,3,21,60
0,4,6,8,15,26,4,10,11,2,6,19,8,16,21,4,10,40,10,26,51,7,15,21,2,17,37,8,25,51,11,27,51,6,34,53
1,3,5,2,14,17,2,5,10,8,15,26,5,17,25,13,27,31,11,28,32,11,18,22,13,32,51,8,36,60,7,19,31,25,47,60
0,1,1,2,7,9,3,6,7,1,2,3,2,4,5,1,8,11,0,6,6,3,11,22,1,10,14,17,36,53,1,10,21,1,16,24
1,3,4,5,12,15,4,10,13,1,3,16,4,12,18,3,10,17,2,14,22,0,15,31,5,16,27,4,21,48,4,23,45,3,13,41
0,0,1,1,5,8,2,11,12,1,2,2,2,4,7,4,5,9,1,2,6,6,16,26,0,6,16,10,36,56,7,18,24,6,10,19
1,2,5,6,12,17,5,9,13,1,6,21,5,12,18,4,10,17,2,12,26,0,10,27,7,13,27,4,21,46,8,28,48,4,18,38
1,2,5,6,12,17,5,9,13,1,6,21,5,12,18,4,10,17,2,12,26,0,10,27,7,13,27,4,21,46,8,28,48,4,18,38
1,2,5,6,12,17,5,9,13,1,6,21,5,12,18,4,10,17,2,12,26,0,10,27,7,13,27,4,21,46,8,28,48,4,18,38
1,2,5,6,12,17,5,9,13,1,6,21,5,12,18,4,10,17,2,12,26,0,10,27,7,13,27,4,21,46,8,28,48,4,18,38
1,2,3,6,11,17,2,7,10,0,9,12,2,8,16,6,18,29,5,19,26,8,20,29,7,27,36,14,34,60,7,14,23,15,38,44
1,1,3,5,9,13,3,10,15,0,9,12,2,8,17,4,8,22,5,6,19,7,26,34,9,17,32,12,47,60,5,20,32,14,37,47
2,4,6,5,16,23,1,3,6,3,27,34,4,16,29,20,25,32,21,42,60,4,15,23,15,37,58,10,31,39,3,27,47,6,53,60
1,4,8,5,18,24,0,3,9,9,30,47,8,25,40,1,44,59,1,25,57,4,12,23,3,32,60,9,40,60,10,51,60,4,51,60
1,3,7,7,11,21,2,4,6,7,26,32,6,16,23,21,27,33,20,36,57,5,12,23,15,32,60,8,28,46,4,24,42,21,54,60
0,1,1,1,7,9,3,6,9,1,2,3,1,4,5,1,8,11,1,4,6,4,10,23,1,8,13,16,37,54,1,10,19,1,16,22
0,1,3,3,5,10,2,6,10,1,5,15,2,4,8,0,4,9,3,5,9,2,5,11,2,11,19,10,25,47,9,16,31,3,8,15
0,4,7,1,9,17,0,6,9,8,27,48,6,25,41,0,1,22,0,18,30,3,17,23,2,26,52,7,34,60,12,39,60,3,43,60
2,4,6,9,12,18,4,12,14,2,20,25,4,14,21,4,39,60,2,17,44,2,17,26,10,16,26,7,35,50,11,40,60,8,47,59
0,1,5,0,0,6,1,2,14,0,2,43,0,3,17,0,1,3,0,7,17,2,7,32,0,7,37,6,22,60,0,4,51,0,0,19
1,3,5,0,2,7,0,4,8,20,28,31,1,12,16,2,16,28,3,16,25,3,27,36,8,36,55,13,48,60,8,33,58,8,32,60
1,5,6,2,13,15,3,12,14,10,23,24,4,12,22,4,40,59,2,13,35,4,17,28,7,20,24,9,36,60,16,42,60,9,49,60
1,5,7,2,11,22,0,8,13,3,12,29,2,14,27,39,60,60,10,30,42,5,19,33,2,17,52,12,42,60,12,43,60,16,54,60
0,4,8,4,18,23,1,3,7,1,13,45,1,16,32,45,60,60,2,36,60,4,12,26,5,36,59,11,42,60,7,47,60,9,43,60
0,3,4,0,4,5,1,4,6,2,18,21,1,7,11,5,27,43,0,10,15,7,23,32,0,16,27,15,39,60,9,27,43,5,27,52
0,2,6,2,4,9,3,5,12,4,24,47,4,11,20,7,26,46,6,28,51,6,22,29,4,32,53,14,41,60,13,52,60,7,49,60
0,2,3,1,1,5,1,3,7,0,23,25,3,7,11,0,6,22,4,7,11,13,22,36,8,23,29,4,30,60,4,23,39,2,19,37
1,3,6,2,6,9,3,5,10,8,34,47,5,13,20,8,24,46,7,30,49,6,22,34,9,28,54,12,48,60,15,43,60,12,53,60
1,5,8,5,20,22,0,3,7,1,12,43,3,17,28,50,60,60,15,42,60,3,12,25,5,36,55,10,38,60,13,44,60,10,50,60
1,2,8,3,5,18,2,5,21,0,0,18,1,1,22,0,0,9,0,2,19,8,16,54,4,12,50,9,31,60,3,11,60,3,3,55
0,0,12,1,1,23,1,1,28,3,13,33,4,4,19,0,1,13,1,2,38,1,3,60,0,1,60,7,19,60,3,7,60,18,23,60
1,2,8,0,1,14,1,2,24,11,11,60,2,4,26,0,0,16,0,3,33,6,9,60,3,10,60,7,19,60,7,10,60,0,3,60
0,1,8,0,2,14,2,4,25,0,5,41,0,3,25,0,1,14,1,9,46,0,9,60,1,8,57,14,36,60,1,8,60,0,5,60
1,3,5,0,4,10,0,4,10,20,26,34,0,9,20,2,9,23,2,19,24,6,18,35,7,33,52,16,48,60,11,27,51,11,39,52
1,5,6,0,3,15,3,5,8,10,20,24,3,9,16,9,43,55,3,10,19,8,19,32,4,18,36,11,46,60,16,35,54,20,45,57
0,1,7,1,6,15,2,4,24,0,0,20,0,4,29,0,1,7,2,7,18,5,5,44,0,8,48,11,24,60,3,8,54,0,2,60
1,1,2,0,4,6,1,6,11,2,6,10,1,4,10,6,8,12,0,7,21,8,22,33,2,9,19,11,34,60,8,32,52,5,23,35
1,1,2,0,4,6,2,6,11,2,7,10,1,3,10,6,8,10,0,6,18,9,21,32,3,9,17,11,37,59,8,33,51,5,24,35
0,0,3,1,2,6,3,4,8,1,3,22,5,13,17,0,1,3,0,0,9,2,4,15,3,5,25,6,20,60,1,2,15,0,0,4
0,2,4,0,2,4,2,5,9,3,5,9,0,6,13,4,9,19,3,7,27,4,19,29,2,17,27,8,42,60,10,29,46,3,16,34
0,1,3,4,7,8,2,9,10,2,6,9,1,11,16,0,7,12,1,5,17,9,26,29,4,7,22,8,47,60,11,40,53,14,35,50
1,4,4,2,6,7,3,7,12,5,15,38,3,17,22,5,32,43,7,38,45,6,24,34,9,26,40,5,48,60,13,50,60,10,60,60
0,2,2,0,3,4,1,2,5,0,19,22,0,3,9,1,3,6,2,8,15,2,16,22,6,20,30,2,19,45,5,16,25,2,11,34
0,4,5,1,6,7,3,8,14,3,12,20,5,13,24,8,37,43,12,35,44,4,22,35,5,29,43,7,36,60,13,60,60,16,60,60
1,3,5,0,7,9,0,8,12,22,32,35,2,14,19,4,11,27,8,20,27,3,16,33,6,29,49,18,47,60,9,39,60,21,43,60
0,4,5,1,3,6,3,6,11,2,4,9,2,8,12,1,16,21,2,12,29,7,20,32,4,22,27,12,46,60,11,38,55,3,21,41
1,3,7,2,5,18,1,5,23,0,0,19,0,2,29,0,1,8,0,0,21,1,8,52,8,18,49,10,29,60,2,11,60,1,5,57
0,0,2,1,1,3,0,3,6,0,3,22,0,8,17,0,0,3,0,0,6,1,3,9,3,3,16,3,13,50,1,1,12,0,0,3
1,1,4,0,5,9,1,6,10,5,8,11,1,9,15,6,10,14,0,8,18,9,24,34,3,10,22,8,33,60,10,40,60,5,31,47
0,1,8,0,1,20,2,7,22,0,1,30,2,6,25,2,4,35,0,0,52,1,9,43,0,4,48,8,36,60,5,16,60,0,17,44
1,2,4,3,10,11,2,3,9,2,5,11,1,6,16,0,15,24,0,30,33,1,13,22,1,11,22,12,38,57,5,15,36,3,12,37
0,1,1,1,4,4,1,5,6,0,3,5,1,3,3,0,5,9,1,10,17,5,16,32,1,6,7,11,34,53,2,21,32,3,8,25
0,3,5,1,4,10,1,5,11,2,23,30,3,11,15,2,21,35,2,18,36,11,28,46,6,29,43,8,37,56,11,40,60,4,60,60
1,1,18,0,1,21,2,8,44,32,60,60,7,20,60,0,4,58,2,4,60,3,15,60,7,14,60,8,39,60,13,33,60,1,17,60
2,3,7,0,3,7,3,5,11,4,8,18,1,11,25,14,30,46,6,24,50,5,22,35,8,29,46,5,27,58,15,46,60,44,60,60
1,2,5,3,4,5,1,8,14,6,24,41,2,10,19,5,10,26,3,7,19,9,34,43,7,26,43,10,35,54,10,44,60,6,48,60
0,4,6,3,5,5,3,9,14,3,21,37,4,11,20,3,15,35,2,9,30,8,29,46,5,29,52,10,33,56,6,51,60,6,60,60
1,4,7,0,6,17,2,7,14,6,29,39,2,31,42,0,0,1,4,12,17,6,22,31,6,25,38,6,41,60,12,48,60,7,36,60
0,2,7,0,7,11,2,5,20,1,13,33,3,7,22,0,3,11,0,2,14,5,13,55,0,12,42,5,24,60,7,14,60,4,7,60
1,1,3,2,2,4,0,3,5,2,2,36,2,2,12,1,1,1,0,0,3,2,6,16,1,1,7,8,14,40,6,7,22,2,6,18
1,2,6,0,5,15,1,4,24,1,2,50,0,2,29,1,3,15,2,5,24,2,12,60,5,14,46,8,27,60,5,20,60,2,25,60
0,0,0,1,2,5,0,4,5,0,0,2,1,4,7,0,2,6,2,5,8,1,6,16,2,3,6,6,20,43,3,9,20,0,3,9
1,2,6,3,3,7,3,7,16,0,2,30,1,4,14,2,5,9,0,0,3,4,14,31,2,8,29,13,41,60,9,21,37,6,23,60
0,0,1,0,1,7,0,0,15,0,8,45,0,1,21,0,0,5,0,0,7,2,2,34,0,0,14,2,17,60,0,2,41,0,1,60
0,0,3,0,1,12,4,7,21,2,5,55,3,8,24,1,2,8,2,5,11,6,20,49,0,0,26,8,25,60,5,18,60,3,7,60
0,2,6,1,1,15,1,6,22,1,3,52,0,3,29,2,3,11,3,6,19,4,24,56,3,14,45,10,28,60,6,28,60,1,51,60
0,2,6,1,1,15,1,6,22,1,3,52,0,3,29,2,3,11,3,6,19,4,24,56,3,14,45,10,28,60,6,28,60,1,51,60
1,2,6,3,5,18,1,2,19,2,10,47,0,7,21,3,5,14,7,8,24,2,7,46,6,14,45,4,31,60,7,24,60,4,30,60
0,1,5,0,1,4,2,4,13,1,1,25,0,2,9,0,3,7,0,0,2,1,7,24,1,1,22,6,29,60,4,14,29,8,15,30
0,0,3,0,1,8,0,0,19,0,1,45,0,2,22,0,1,6,0,0,7,2,6,46,0,0,17,2,19,60,0,6,58,0,1,60
1,4,5,3,8,13,3,5,10,9,19,36,7,17,27,1,3,27,1,16,28,4,19,29,5,23,42,12,38,60,9,41,60,5,22,53
2,3,6,8,13,21,6,10,13,2,16,24,7,15,23,3,28,60,3,23,52,2,17,30,7,17,29,8,32,51,10,35,59,9,38,60
1,2,8,1,3,12,3,5,22,8,8,44,1,2,15,0,0,9,1,5,32,5,14,60,6,9,50,9,32,60,9,19,60,5,11,59
0,1,12,1,1,24,1,1,30,2,13,35,3,4,21,0,2,15,1,2,37,2,5,60,0,5,60,5,16,60,3,9,60,15,24,60
0,0,9,0,4,22,1,2,27,0,0,32,1,3,40,1,2,35,4,4,34,2,6,58,1,3,60,5,18,60,2,10,60,2,4,60
0,2,5,1,1,15,1,6,22,1,3,52,0,3,29,1,4,11,3,6,19,4,23,56,3,14,45,9,27,60,6,28,60,2,52,60
0,4,6,1,2,6,4,12,19,6,36,60,8,16,33,0,2,5,2,13,18,3,18,28,5,24,41,18,56,60,13,41,60,2,21,41
1,3,7,1,4,6,3,9,14,2,17,34,2,12,21,4,12,34,1,10,30,5,26,45,8,30,56,11,35,60,11,47,60,8,60,60
1,3,4,8,10,11,2,6,7,1,7,15,1,7,15,3,17,24,0,31,33,0,13,24,2,13,22,9,40,57,3,18,35,2,13,39
0,4,4,2,5,7,3,7,11,4,15,42,4,15,22,5,33,46,8,39,44,8,22,33,5,26,42,6,47,60,13,53,60,11,60,60
1,3,7,2,4,18,0,4,21,0,0,18,0,2,28,0,1,7,0,0,20,1,7,53,8,18,50,9,27,60,2,9,55,1,6,54
1,3,9,1,3,22,4,9,23,1,1,18,3,9,27,1,13,39,1,6,60,4,16,60,4,14,54,13,49,60,10,28,60,16,26,55
0,3,6,1,2,6,3,12,19,6,39,60,6,16,34,0,3,5,2,13,18,4,17,32,5,25,40,18,60,60,13,48,60,3,22,44
0,0,5,0,0,11,4,9,24,1,9,52,1,10,26,0,3,8,2,5,12,12,23,52,0,1,33,6,26,60,4,26,60,5,36,60
0,2,7,0,3,12,1,2,17,0,10,32,1,2,19,0,3,12,0,1,3,2,8,46,0,10,32,8,37,60,1,10,58,0,4,60
0,1,5,0,2,17,0,2,21,0,2,26,3,5,23,0,2,15,0,0,23,0,5,52,1,10,48,8,20,60,2,13,60,21,26,60
1,1,2,1,2,8,3,5,8,0,11,27,2,4,6,0,2,4,1,2,2,5,10,22,3,5,20,8,33,55,2,22,39,1,2,12
1,3,7,8,14,24,3,10,11,2,4,17,8,14,21,5,9,31,6,23,50,6,15,25,2,16,38,7,26,52,11,28,45,6,27,49
1,1,7,0,0,7,2,2,14,0,2,29,0,1,12,0,0,8,0,0,3,2,3,30,2,2,21,3,8,60,1,1,40,0,0,38
1,5,8,5,17,24,1,3,6,3,23,43,1,20,35,40,60,60,2,33,56,4,15,21,5,37,60,12,39,60,11,48,60,5,40,60
1,2,8,3,5,18,2,5,21,0,0,18,1,1,26,0,0,9,0,2,18,7,15,52,2,13,50,10,29,60,4,11,60,3,3,53
1,2,7,2,4,19,1,4,19,1,17,32,0,0,12,1,4,6,0,1,19,4,9,53,5,11,43,7,27,60,7,17,59,2,16,60
0,0,12,0,1,21,0,2,25,9,12,34,1,4,18,0,0,12,0,1,35,1,3,60,0,2,60,9,21,60,0,3,60,0,19,60
0,2,3,0,2,5,1,2,6,0,21,25,1,4,11,0,3,11,6,6,10,13,24,29,5,21,34,5,24,60,4,21,35,5,17,26
2,4,6,0,5,14,3,6,13,14,21,24,3,8,15,8,41,53,2,10,19,6,17,26,4,16,30,8,46,60,17,38,58,18,46,60
1,2,7,1,2,19,1,4,21,4,8,34,1,1,14,0,1,12,1,4,34,6,12,60,6,12,48,8,25,60,11,20,60,5,11,60
0,3,5,0,4,8,3,4,9,9,19,23,3,6,13,6,29,44,2,8,13,6,17,32,2,16,29,14,40,58,10,32,46,16,26,57
0,2,3,1,1,5,1,3,7,0,20,25,0,4,9,0,2,11,3,6,10,13,20,31,6,19,27,4,27,53,2,21,34,2,17,27
0,5,7,2,22,30,3,6,11,2,12,27,7,20,26,4,18,60,15,51,60,11,16,21,4,35,53,9,33,49,9,34,60,8,48,60
0,1,1,2,4,8,2,3,8,0,2,12,2,3,6,0,3,8,0,5,11,1,6,11,2,8,13,7,24,46,3,15,22,2,5,15
2,3,7,3,16,31,0,5,9,0,19,29,2,16,31,1,22,37,15,47,60,7,16,19,8,32,50,9,24,49,5,30,46,11,34,60
0,0,6,1,1,18,1,2,22,0,0,27,0,2,39,2,2,30,3,4,36,4,6,60,1,3,59,5,15,60,4,8,60,3,4,60
0,2,5,2,5,18,1,3,19,2,10,31,1,4,20,2,7,21,2,10,26,3,9,47,2,8,46,4,26,60,7,13,60,3,9,60
0,2,7,0,7,12,2,5,21,7,21,33,3,7,20,0,3,12,1,2,12,8,13,58,3,12,43,8,28,60,6,14,60,2,10,60
1,3,7,0,2,11,1,2,18,0,6,32,1,2,17,1,3,11,0,2,4,3,9,41,6,13,31,13,31,60,1,13,51,0,3,60
0,1,6,0,1,12,2,4,21,0,9,45,1,3,26,0,0,14,0,0,23,1,5,50,0,10,38,9,35,60,5,24,60,0,34,60
0,1,5,0,2,16,1,9,22,0,2,55,1,4,31,0,3,11,1,6,20,6,18,52,0,9,37,7,27,60,8,25,60,29,34,60
0,3,5,0,4,13,3,7,22,0,6,43,1,8,27,1,5,11,0,7,16,3,26,54,1,11,39,5,27,60,8,28,60,19,54,60
0,1,8,0,4,26,2,3,22,0,2,35,1,4,33,3,6,50,1,9,32,3,7,60,0,7,60,7,25,60,2,11,60,1,4,60
0,0,6,1,1,21,1,2,18,0,0,22,1,2,37,2,2,26,2,4,34,6,6,60,1,3,58,7,18,60,5,8,60,3,4,60
1,2,7,0,7,12,3,6,21,7,21,33,3,7,19,0,3,12,1,3,12,7,11,58,3,12,43,9,30,60,6,15,60,1,10,60
0,2,7,0,7,12,3,5,20,4,21,34,3,8,23,0,3,13,1,2,13,8,15,57,2,12,43,8,27,60,7,14,60,4,15,60
1,2,5,0,1,15,0,6,23,1,2,53,0,3,30,1,2,17,3,4,24,5,11,60,11,17,41,9,35,60,8,32,60,1,56,60
1,3,17,1,4,29,1,9,39,5,24,60,0,9,60,4,8,60,2,8,60,11,34,60,5,26,60,7,30,60,13,51,60,3,28,60
0,4,6,1,2,6,4,13,18,7,37,59,7,18,35,0,3,5,4,13,19,5,18,31,6,26,36,22,56,60,15,58,60,4,23,39
1,4,6,1,4,7,1,9,14,2,12,29,3,11,19,4,29,36,2,22,33,4,23,44,9,34,50,8,36,60,13,41,60,39,60,60
2,2,7,1,3,9,1,8,13,3,10,24,2,10,19,15,35,43,17,28,38,7,23,36,12,29,54,8,30,53,12,60,60,38,60,60
1,3,7,0,5,20,1,6,13,3,25,39,3,33,47,0,0,3,3,13,16,8,20,29,8,23,45,9,31,60,11,41,60,4,47,60
1,4,4,0,3,11,3,11,14,10,23,27,4,19,29,0,3,6,1,11,14,8,18,29,5,22,34,12,47,60,20,58,60,9,30,42
1,2,11,4,5,21,4,8,40,4,14,60,4,5,39,0,2,12,0,1,15,5,10,60,10,20,60,7,22,60,16,33,60,9,33,60
1,3,5,1,15,23,1,7,15,3,12,19,6,21,36,0,13,26,0,9,27,4,23,31,6,38,51,26,47,60,3,25,43,3,19,60
0,0,10,0,2,18,2,6,36,0,1,50,2,7,42,0,1,10,0,0,7,4,10,60,0,5,59,16,30,60,6,12,60,1,5,60
0,2,10,3,3,21,5,9,33,3,13,60,1,3,42,2,3,11,0,1,12,6,10,59,0,10,60,14,32,60,10,24,60,2,6,60
0,2,3,3,11,13,2,7,13,0,8,17,3,18,28,1,3,8,0,2,5,3,13,26,3,9,26,9,36,60,12,45,60,1,26,30
0,0,3,0,2,6,3,4,9,3,4,22,10,15,17,1,1,3,0,0,10,2,6,15,2,5,27,7,25,60,0,4,18,0,0,4
0,0,2,1,4,5,4,5,9,0,1,6,1,3,4,0,2,9,1,2,10,7,17,29,1,5,9,8,36,56,10,17,35,4,17,26
1,3,4,1,11,11,3,6,10,2,4,8,2,7,15,3,16,24,0,25,32,4,16,24,1,10,27,9,34,60,11,24,38,5,16,22
1,2,4,4,10,11,1,6,9,2,3,8,2,9,13,3,13,21,0,8,32,4,15,25,0,7,23,10,34,60,11,24,34,4,16,20
1,3,5,1,8,8,0,7,12,5,33,33,3,14,23,6,18,29,11,23,25,3,19,31,8,27,52,19,54,60,6,48,60,19,44,60
0,0,2,0,1,4,0,3,7,2,21,22,1,12,17,0,0,3,0,0,7,1,3,12,1,4,17,6,16,60,0,1,16,0,0,3
1,2,4,5,10,11,0,5,7,2,17,24,0,11,15,3,15,19,7,27,34,1,13,19,2,13,24,7,40,54,1,18,34,0,26,37
1,2,5,0,2,4,2,5,10,2,8,10,2,12,18,2,11,30,2,23,40,4,19,28,4,16,33,6,32,60,8,29,51,6,15,43
0,1,3,4,6,9,1,10,10,1,3,7,2,7,15,1,3,8,0,5,13,5,20,30,0,14,21,11,31,59,11,32,46,2,26,48
1,1,7,1,3,12,1,3,15,1,9,34,0,2,12,2,4,6,0,1,12,2,10,39,5,9,40,8,26,60,5,16,53,11,12,60
1,3,5,1,8,18,1,4,8,10,19,30,1,12,23,0,39,60,9,16,27,3,16,28,7,28,49,10,45,60,9,47,60,6,28,47
2,5,7,0,11,17,3,6,15,11,21,25,4,11,22,23,52,60,5,16,32,8,19,30,4,15,37,13,47,60,16,40,60,23,47,60
1,4,8,2,2,19,3,7,12,4,20,26,3,12,21,34,56,60,6,15,32,9,20,30,2,20,45,11,42,60,11,40,60,29,49,60
0,0,13,1,1,23,1,2,27,11,12,33,4,4,18,0,1,13,1,2,37,2,3,60,0,0,60,6,19,60,2,6,60,18,21,60
0,0,6,0,1,13,0,0,16,0,0,13,0,1,10,0,0,6,1,2,11,1,5,47,0,4,44,4,15,60,0,2,49,0,1,52
0,2,8,0,3,18,3,5,19,1,2,25,2,3,16,0,0,9,1,1,20,7,14,53,4,9,54,10,28,60,6,9,60,14,18,60
0,0,6,0,1,10,0,1,14,0,8,34,1,2,12,1,2,7,0,1,18,1,8,40,0,6,41,5,17,60,4,8,51,0,12,60
0,0,1,2,6,17,0,8,17,0,3,4,2,11,23,1,4,4,0,0,0,4,11,25,0,10,16,11,49,60,8,31,48,4,5,26
1,2,6,1,10,15,1,4,10,10,20,38,7,15,27,0,10,59,9,12,27,4,15,30,5,18,46,16,39,60,8,45,60,5,26,59
0,0,0,0,3,3,1,5,10,0,0,2,0,2,4,2,4,4,0,1,1,1,11,18,0,2,6,8,25,46,5,14,19,3,8,9
0,0,2,0,10,17,2,10,16,0,2,6,3,11,21,1,4,5,0,0,3,6,14,25,1,11,24,10,48,60,11,27,45,4,6,27
1,3,7,5,13,24,1,5,9,9,23,28,8,16,26,15,27,31,18,28,43,8,15,22,14,33,57,7,39,60,7,23,35,23,47,60
1,2,5,6,12,17,5,9,13,1,6,21,5,12,18,4,10,17,2,12,26,0,10,27,7,13,27,4,21,46,8,28,48,4,18,38
1,3,5,8,11,17,6,10,11,2,9,21,6,12,15,4,10,25,3,14,32,2,15,25,7,12,32,6,28,44,8,27,50,4,17,54
0,2,5,3,12,24,0,6,12,0,4,20,3,9,22,1,13,31,6,26,59,4,13,24,2,12,41,6,23,39,6,13,38,12,20,42
0,1,1,2,7,9,2,5,7,0,1,6,1,3,5,0,7,10,0,6,6,3,11,19,0,8,13,15,32,49,1,9,18,1,16,34
0,2,3,2,9,16,2,3,9,5,9,11,3,11,13,6,27,28,0,25,27,4,17,22,0,25,33,8,32,54,5,13,19,26,39,41
1,5,6,1,13,17,3,13,14,7,21,25,3,13,22,4,43,60,1,15,43,3,18,31,6,18,26,13,37,60,17,40,60,7,47,60
0,1,2,1,6,11,5,10,15,1,1,4,1,8,14,1,5,11,0,3,6,7,22,32,2,17,21,4,50,60,6,30,39,1,13,29
1,3,4,7,11,13,2,9,12,3,9,29,8,25,36,1,3,4,0,3,5,2,16,26,8,21,35,4,53,60,9,42,60,14,24,49
0,0,8,1,2,15,2,7,31,0,3,48,1,8,33,0,2,8,0,0,5,3,14,54,3,5,51,19,33,60,6,21,60,4,5,60
1,2,5,3,11,14,2,8,13,2,12,30,8,26,36,1,3,4,2,3,13,6,15,27,6,22,36,7,45,60,19,45,60,17,25,47
0,0,3,0,0,4,0,1,7,0,0,21,0,5,15,0,0,1,0,0,2,0,1,13,1,2,21,9,16,60,0,0,27,0,0,10
0,3,3,3,11,14,4,7,13,1,4,10,4,21,30,3,3,4,0,2,3,2,15,20,4,16,30,6,55,60,13,43,55,3,24,27
1,2,4,1,10,13,3,7,12,0,16,27,6,20,34,1,4,5,0,5,12,6,11,28,5,19,30,10,42,60,22,50,60,18,27,35
0,0,11,0,1,20,1,4,34,0,2,51,2,6,44,0,1,14,0,3,11,4,11,60,0,4,60,6,28,60,2,9,60,0,4,60
0,0,10,0,3,18,2,6,35,0,1,50,2,6,42,0,1,11,0,0,7,4,8,60,0,5,59,8,28,60,3,11,60,1,5,60
0,0,9,1,2,18,1,3,31,1,11,48,1,7,36,0,1,8,0,0,5,5,12,57,0,3,60,8,31,60,5,17,60,3,5,48
0,0,3,1,1,6,1,2,13,2,15,20,8,11,20,0,0,1,0,0,0,1,2,17,0,1,24,8,23,60,1,7,37,1,1,8
1,2,6,0,2,15,1,4,24,1,2,50,0,2,29,1,3,17,2,5,24,2,10,60,7,15,46,9,27,60,3,21,60,2,25,60
2,2,9,0,4,17,2,6,31,0,9,60,1,3,40,0,1,10,0,0,6,1,6,53,7,9,56,6,21,60,5,12,60,15,17,50
2,2,9,0,4,17,2,6,31,0,9,60,1,3,40,0,1,10,0,0,6,1,6,53,7,9,56,6,22,60,5,12,60,15,17,50
0,3,5,3,11,17,1,3,6,6,13,24,3,10,18,17,26,30,18,25,39,7,15,19,2,28,43,9,23,47,4,14,27,20,40,60
0,2,7,3,3,19,1,5,19,0,1,15,1,3,16,0,0,9,1,2,19,10,15,53,2,9,51,12,31,60,4,11,58,3,15,60
0,0,8,0,2,20,2,3,27,1,2,38,0,0,24,0,0,24,0,11,37,0,11,60,2,3,56,4,21,60,0,6,60,2,5,60
0,2,8,2,4,21,1,3,20,0,17,32,0,3,13,0,4,6,0,1,22,2,6,57,2,11,46,3,24,60,5,14,60,0,30,60
0,2,8,2,4,21,1,3,20,0,17,32,0,3,13,0,4,6,0,1,23,2,6,57,2,11,46,3,24,60,5,14,60,0,30,60
0,2,8,2,4,21,1,3,20,0,19,32,0,3,14,0,4,6,0,1,22,2,6,56,2,11,46,3,27,60,5,15,60,2,30,60
0,4,9,3,11,25,1,7,11,1,10,24,3,15,24,49,60,60,15,33,60,3,13,34,3,29,58,9,42,60,8,35,60,12,50,60
0,1,2,1,2,4,0,3,7,0,0,3,0,2,3,0,4,10,5,17,21,2,13,24,1,11,17,7,37,58,2,11,27,1,7,13
0,2,6,2,4,9,3,5,12,4,24,47,4,11,20,7,26,46,6,28,51,6,22,29,4,32,53,14,41,60,13,52,60,7,49,60
0,2,6,1,3,11,1,3,14,0,1,32,0,0,10,1,3,6,0,0,9,2,7,41,0,8,37,11,30,60,5,11,52,1,13,60
1,3,3,0,4,5,2,11,15,0,3,5,4,11,13,6,13,14,1,5,10,10,21,25,7,16,18,18,45,60,9,35,48,7,31,34
0,5,6,0,3,10,1,6,9,1,12,25,4,12,15,4,32,44,0,41,55,7,23,40,7,33,49,8,31,53,10,38,60,25,60,60
1,2,5,2,3,5,2,5,10,0,4,5,2,5,11,1,12,17,6,8,20,4,15,32,8,18,26,7,48,60,5,29,48,3,17,41
1,2,9,1,4,19,1,7,31,7,10,60,1,3,42,1,1,10,0,0,5,2,5,47,7,8,59,2,23,60,4,17,60,15,18,48
0,0,8,0,3,23,1,2,25,0,0,33,1,2,44,0,2,37,4,4,36,2,7,60,2,3,60,5,20,60,4,9,60,2,3,60
1,3,4,1,6,13,1,6,13,7,16,21,1,6,10,2,12,20,2,6,11,3,9,14,6,17,22,6,34,57,7,30,41,4,19,33
1,1,2,4,9,12,1,7,9,0,7,11,1,6,10,6,9,25,1,6,24,6,16,27,1,11,28,12,33,49,3,13,21,10,33,42
1,1,2,3,9,12,2,12,16,1,3,12,1,10,17,2,10,14,4,6,8,8,27,34,11,17,26,9,52,60,4,25,41,2,26,46
0,1,3,3,5,10,2,6,9,0,5,15,2,5,9,1,4,7,3,4,9,2,5,11,2,12,22,10,23,44,6,15,31,3,8,13
0,2,7,1,1,15,1,4,19,1,16,34,1,2,13,0,1,10,1,4,33,7,12,59,8,12,45,8,23,60,12,20,60,5,10,60
0,2,7,2,4,20,1,2,20,0,10,32,0,3,14,1,4,6,0,1,21,2,7,56,2,11,48,3,25,60,3,13,60,0,31,60
1,2,9,2,4,18,4,6,22,0,2,25,1,3,20,0,0,11,0,1,21,4,11,55,3,11,60,5,30,60,4,8,60,0,18,60
0,0,12,1,2,25,1,2,36,2,4,39,1,3,26,0,1,21,1,2,40,2,4,60,1,3,60,5,17,60,1,7,60,3,20,60
1,3,4,0,3,4,1,6,9,1,23,31,4,8,13,0,14,60,2,8,15,6,26,39,10,26,40,9,39,60,7,30,52,7,23,58
1,3,7,0,2,11,1,3,18,0,5,32,1,2,17,2,3,11,0,2,3,3,10,40,4,13,31,12,32,60,2,12,51,1,6,60
0,0,3,0,1,12,1,6,21,3,5,55,3,8,24,0,2,8,2,5,11,3,15,47,0,0,26,8,16,60,1,16,60,1,7,60
1,2,7,0,7,12,3,5,21,1,21,33,2,7,19,0,3,12,1,3,12,7,11,58,3,12,43,6,27,60,6,14,60,2,10,60
1,3,5,2,6,8,2,8,11,5,32,36,4,16,23,4,15,30,11,20,41,4,23,34,9,25,46,11,56,60,9,46,60,23,41,60
1,2,4,1,3,4,1,2,4,0,20,25,0,5,12,1,4,8,2,13,17,4,19,26,7,21,34,4,27,55,4,20,28,5,16,38
1,3,4,8,11,12,2,6,7,1,7,23,0,9,16,9,16,24,11,33,34,4,12,23,4,18,25,7,36,60,0,21,42,0,15,39
0,0,11,0,1,18,1,2,21,2,16,57,2,3,33,0,2,38,0,1,40,3,6,60,0,1,58,5,21,60,4,7,60,0,21,60
1,4,8,3,21,27,4,9,12,3,11,30,5,20,25,2,49,60,6,46,60,5,18,28,1,24,49,13,34,56,9,41,60,7,41,60
0,1,9,0,1,16,2,4,22,0,0,60,0,2,27,0,1,13,1,11,48,0,8,60,2,11,60,15,35,60,1,7,60,2,5,60
0,1,6,0,1,10,0,1,13,0,9,34,0,2,12,1,2,6,0,1,17,2,8,40,0,7,40,3,18,60,3,10,53,0,12,60
0,0,3,1,1,6,1,2,11,0,13,20,5,11,17,0,0,1,0,0,0,1,2,16,0,1,24,10,21,60,0,5,37,0,1,8
0,5,7,2,22,30,3,6,11,2,12,27,7,20,26,4,18,60,15,51,60,11,16,21,4,35,53,9,33,49,9,34,60,8,48,60
0,0,0,0,0,5,0,1,6,0,4,9,0,2,4,0,0,0,0,0,1,0,0,8,0,0,23,0,1,21,0,0,7,0,1,4
1,2,6,3,5,17,1,3,19,9,10,43,0,6,22,2,5,14,7,8,24,1,7,46,9,14,46,5,28,60,4,23,60,1,30,60
1,2,6,3,5,17,1,3,19,9,10,43,0,6,22,2,5,14,7,8,24,1,7,46,9,14,46,5,28,60,4,23,60,1,30,60
0,0,4,0,2,14,1,8,22,0,4,52,2,5,29,0,1,11,1,3,18,4,16,48,0,1,34,4,16,60,7,21,60,28,34,60
0,3,7,1,1,5,4,11,20,8,44,60,4,20,33,0,4,5,0,12,20,4,15,29,7,23,39,16,59,60,13,60,60,4,21,39
1,2,7,0,3,12,3,6,11,2,7,11,3,11,15,1,20,30,5,25,42,3,17,30,7,19,34,9,41,60,11,28,52,7,18,33
0,3,6,0,4,12,4,7,9,2,5,11,2,9,19,1,16,32,1,25,42,6,20,31,4,24,34,10,42,60,11,35,52,6,17,27
0,0,0,0,1,5,2,3,4,0,0,1,0,2,2,0,1,1,0,4,9,1,7,17,0,1,6,3,25,44,1,12,14,0,5,7
0,4,5,0,3,6,0,6,9,3,9,16,5,13,18,1,13,32,4,14,30,2,18,33,0,15,35,5,32,55,8,45,60,7,44,60
1,3,7,2,4,18,0,4,21,0,0,19,0,1,28,0,1,7,0,0,19,1,7,52,7,18,50,10,24,60,2,10,51,1,6,51
1,2,4,1,3,4,1,2,4,0,20,25,0,5,12,1,4,10,3,13,20,4,19,28,7,21,37,4,30,54,6,20,29,7,26,41
1,4,5,0,3,6,4,6,13,3,7,17,0,9,22,18,32,39,12,24,34,5,25,39,13,32,46,3,30,54,19,55,60,60,60,60
1,3,6,3,8,10,2,4,11,11,15,28,3,15,23,1,8,29,1,22,41,3,16,32,9,24,51,8,38,60,10,37,60,4,33,60
2,4,6,1,5,8,2,8,16,3,13,23,2,13,16,13,30,42,17,28,32,6,22,39,12,36,46,8,27,56,14,54,60,54,60,60
1,3,5,1,2,3,4,12,16,10,45,60,3,15,31,3,4,5,1,9,18,3,14,25,8,17,34,24,49,60,22,60,60,6,21,35
1,3,6,0,5,15,1,5,24,0,2,51,0,2,29,1,4,14,1,5,24,2,11,60,2,12,46,6,22,60,5,20,60,2,8,60
0,0,2,0,0,2,1,1,10,0,0,14,0,0,11,0,0,4,0,1,9,0,0,26,0,0,15,0,4,60,0,0,15,0,0,9
0,0,3,0,1,12,2,6,21,2,5,55,4,8,24,1,2,8,2,5,11,6,17,48,0,0,25,8,24,60,6,16,60,2,9,60
0,1,1,2,8,9,3,6,10,1,2,3,2,4,6,2,10,11,1,6,6,6,12,20,2,10,15,17,38,54,2,11,23,1,19,24
1,1,10,1,5,22,2,10,41,1,12,60,0,4,49,2,2,15,1,2,13,5,13,60,2,6,60,13,40,60,3,28,60,1,5,60
0,0,5,1,3,9,1,5,17,9,19,35,3,14,26,1,1,3,0,0,2,6,11,24,0,3,34,7,24,60,10,22,50,0,6,26
1,3,5,7,11,13,1,8,12,3,9,32,10,24,38,1,3,3,2,3,9,2,14,26,8,24,35,7,51,60,12,40,60,14,23,56
1,3,6,0,3,10,1,6,11,3,20,48,1,10,20,5,41,60,1,19,29,2,18,30,12,32,51,7,51,60,14,39,60,9,30,59
1,2,9,0,2,20,1,5,22,1,3,25,0,3,16,0,0,11,0,1,19,4,10,60,2,7,60,4,30,60,4,6,60,2,16,60
1,2,7,1,11,17,2,6,6,1,16,30,0,7,28,28,60,60,1,29,39,3,14,28,10,30,47,13,47,60,8,40,60,13,38,60
1,2,9,0,2,19,3,6,22,2,2,25,0,3,16,0,0,10,0,1,18,4,10,57,2,9,58,6,25,60,5,7,60,15,16,60
0,2,7,1,3,20,1,2,21,0,20,34,0,4,14,2,5,6,1,1,23,5,8,55,4,13,45,5,23,60,9,18,60,10,31,60
0,1,8,4,4,18,1,3,26,0,0,18,1,2,29,0,0,15,0,2,30,2,5,52,2,8,52,9,24,60,2,9,60,0,1,60
1,3,7,2,6,18,1,6,24,0,0,19,0,2,29,0,1,8,0,1,21,1,9,52,8,17,51,9,29,60,2,11,59,1,5,56
0,0,11,0,1,18,0,2,20,1,7,50,2,3,31,0,2,37,0,0,39,2,5,59,0,1,60,5,15,60,1,6,60,0,12,60
0,1,2,0,10,10,2,3,6,3,15,21,2,4,8,0,3,13,0,1,18,3,5,13,0,3,9,9,25,44,5,11,17,1,23,26
1,2,13,0,3,26,0,3,30,2,18,60,1,4,52,1,6,55,1,3,56,2,14,60,2,11,60,8,32,60,5,24,60,1,25,60
1,2,6,0,4,12,4,7,11,2,7,11,2,9,16,1,19,31,5,26,42,4,20,30,5,21,35,10,39,60,11,33,52,6,18,26
1,2,7,3,4,13,2,3,17,1,9,34,0,1,12,2,5,6,1,1,13,6,10,49,9,11,39,8,30,60,6,17,56,12,12,60
0,0,12,1,1,25,1,1,30,3,13,34,3,4,22,0,0,16,1,2,38,2,3,60,0,1,60,6,20,60,3,4,60,15,23,60
0,0,13,1,1,23,1,1,29,1,13,34,3,4,20,0,0,16,1,2,38,2,3,60,0,2,60,7,21,60,3,4,60,15,22,60
0,2,6,0,1,10,0,4,16,0,6,47,0,2,16,0,0,6,0,1,25,1,7,46,0,5,49,7,22,60,0,11,60,0,5,51
0,1,5,0,0,6,1,2,15,0,2,43,0,3,16,0,1,3,0,7,17,2,7,32,0,7,37,6,24,60,0,4,54,0,0,20
0,2,6,0,3,11,1,1,14,0,1,27,0,0,10,0,1,6,0,0,7,2,3,39,0,6,33,11,24,60,2,5,50,0,3,57
0,0,1,1,3,8,0,9,11,0,2,2,1,3,6,4,4,8,1,1,4,5,15,24,0,4,14,9,33,55,7,18,21,7,9,18
0,0,1,1,3,8,0,9,11,0,2,2,1,3,6,4,4,8,1,1,4,5,15,25,0,3,14,9,33,55,7,18,21,7,9,18
0,0,1,1,3,8,0,9,11,0,2,2,1,3,6,4,4,8,1,1,4,5,15,25,0,3,14,9,33,55,7,18,21,7,9,18
0,2,3,3,13,16,2,4,10,5,10,17,3,11,17,7,27,28,1,25,28,5,19,22,1,30,35,9,26,60,8,13,23,22,40,48
0,1,2,1,7,16,3,11,16,1,3,6,2,11,17,1,3,12,0,2,6,8,19,29,3,17,27,7,55,60,10,30,43,0,14,28
1,4,4,3,9,12,1,6,8,4,29,36,8,19,29,0,2,25,0,16,27,3,18,27,3,22,40,9,36,60,10,43,60,6,20,58
0,1,2,1,7,15,3,10,16,1,3,6,2,10,17,1,3,12,0,2,6,8,18,29,3,17,25,7,55,60,8,30,45,0,15,28
0,0,2,0,1,6,0,0,18,0,2,45,0,3,22,0,1,6,0,0,7,2,6,37,0,0,16,3,19,60,0,6,50,0,1,60
0,0,5,0,1,14,4,10,24,1,8,41,2,9,26,0,2,8,2,7,13,8,25,51,0,2,35,7,23,60,5,25,60,3,60,60
1,4,7,2,6,18,2,4,24,0,0,31,0,3,29,0,2,6,0,5,19,1,4,51,9,22,50,9,35,60,3,11,51,2,5,56
1,4,5,3,5,8,4,6,10,5,15,48,4,15,22,7,32,46,5,39,44,6,24,34,6,28,50,6,46,60,15,48,60,11,60,60
0,1,6,0,1,15,1,5,25,0,1,31,0,5,30,0,1,21,0,1,26,0,5,46,0,6,42,14,25,60,1,13,60,0,14,46
0,3,6,2,5,8,3,5,10,5,24,47,3,11,17,7,26,46,5,27,51,6,23,28,7,34,55,11,45,60,13,52,60,7,46,60
0,1,1,3,9,9,3,6,9,0,2,8,1,5,9,3,7,12,1,6,6,6,16,25,1,0,17,18,39,48,2,12,25,7,19,42
1,1,4,1,6,6,1,6,11,2,15,18,1,5,9,0,9,17,2,6,8,1,7,13,5,11,21,9,34,60,5,24,40,1,17,31
1,4,5,0,3,10,2,5,9,1,11,15,2,11,20,6,29,49,2,26,59,8,20,40,6,34,48,6,30,58,12,44,60,32,60,60
1,5,5,1,7,8,0,7,15,2,21,26,2,11,23,4,23,36,8,26,41,5,18,32,8,35,54,11,34,60,13,44,60,24,60,60
0,1,5,1,1,15,1,9,22,1,2,56,1,3,31,0,3,11,2,6,20,7,18,54,2,14,40,9,29,60,10,27,60,29,34,60
2,2,6,4,7,11,1,7,22,0,12,34,1,9,27,3,4,11,1,1,13,7,15,56,5,9,44,4,22,60,10,21,60,5,52,60
0,2,5,0,1,15,1,5,23,0,1,47,1,3,30,0,1,15,0,2,23,3,8,51,2,17,38,9,36,60,10,25,60,2,35,60
0,0,4,0,1,12,4,6,22,2,6,55,2,10,25,1,2,8,2,5,12,7,18,51,0,1,27,6,25,60,7,17,60,4,29,60
0,2,6,3,5,19,0,3,17,9,10,51,0,6,21,3,7,19,7,8,25,3,9,45,7,14,45,6,33,60,6,21,60,4,29,60
1,2,5,0,3,16,1,5,20,0,1,45,1,3,29,0,1,16,0,1,24,3,6,54,7,17,41,9,36,60,15,26,60,5,56,60
0,1,5,0,4,4,1,6,13,1,3,10,2,5,7,2,4,7,0,0,2,3,9,19,0,3,21,3,27,60,5,12,26,3,11,23
0,1,5,0,2,16,1,9,22,0,2,53,1,4,30,0,2,11,0,6,19,5,17,52,0,9,37,7,23,60,6,26,60,29,34,60
0,2,6,3,5,19,0,3,17,9,10,51,0,6,21,3,7,19,7,8,25,3,9,45,7,14,45,6,33,60,6,21,60,4,29,60
0,0,3,1,1,11,0,5,18,1,4,54,4,5,21,1,1,8,0,2,11,3,11,44,0,0,22,7,18,60,5,9,60,1,5,60
0,0,0,1,2,5,1,2,6,0,0,2,1,4,8,0,2,4,2,5,7,1,5,18,2,3,5,4,21,41,3,10,19,0,3,7
1,2,7,0,7,12,4,5,22,4,22,35,4,8,24,0,3,12,1,2,13,7,16,57,4,12,42,7,27,60,9,15,60,6,30,60
0,0,5,2,2,18,0,1,18,0,2,23,2,7,21,1,4,15,0,6,25,3,9,47,0,4,44,7,26,60,1,12,60,3,28,60
0,2,5,2,5,18,1,3,19,2,10,31,1,4,20,2,7,21,2,10,26,3,9,47,2,8,46,4,26,60,7,13,60,3,9,60
0,0,5,0,1,14,4,9,24,1,9,43,2,9,27,0,3,8,2,5,12,8,21,52,0,2,35,7,25,60,3,28,60,3,35,60
2,2,5,0,2,4,4,10,17,12,23,44,1,17,25,2,4,6,3,6,16,4,16,32,7,16,29,18,51,60,15,60,60,8,31,44
0,1,17,0,1,23,1,9,46,31,60,60,12,21,60,1,2,54,1,5,56,1,12,60,4,14,60,9,38,60,7,37,60,0,18,60
0,0,3,0,1,5,1,3,12,0,13,19,1,11,20,0,0,1,0,0,0,0,2,17,0,1,24,10,19,60,0,4,37,0,1,8
0,1,7,1,2,15,2,6,25,0,5,47,2,6,30,0,0,6,0,0,5,1,8,40,3,4,46,4,30,60,5,19,60,3,6,41
0,1,5,1,1,4,0,2,11,2,3,23,1,2,9,0,2,7,0,0,0,0,4,20,2,4,18,3,11,60,0,2,26,0,1,27
0,0,1,2,5,17,0,10,17,0,2,4,1,12,20,1,4,5,0,0,0,2,10,27,0,8,15,11,41,60,6,29,46,4,5,24
1,2,7,2,4,19,1,4,20,1,9,32,0,1,12,0,4,6,0,1,17,2,9,55,3,11,46,7,27,60,6,14,60,0,28,60
1,2,6,3,3,13,1,3,14,0,1,31,0,0,10,2,3,6,0,0,10,2,7,42,4,8,40,11,32,60,5,11,54,2,6,60
1,4,8,2,2,19,3,7,12,4,20,26,3,12,21,34,56,60,6,15,32,9,20,30,2,20,45,11,42,60,11,40,60,29,49,60
1,5,8,7,20,26,0,5,9,2,16,41,6,18,30,41,60,60,17,48,60,1,14,27,12,35,53,9,38,60,14,43,60,9,53,60
1,1,8,0,3,17,0,3,25,0,10,34,0,5,15,2,3,9,0,3,31,2,15,59,4,11,43,7,21,60,6,25,60,1,32,60
0,1,1,1,4,5,2,6,8,0,4,7,1,3,7,0,8,9,1,3,15,8,20,34,2,6,11,7,35,56,6,28,41,5,23,32
1,2,4,1,3,8,1,3,6,0,23,27,2,7,12,2,5,10,3,14,22,3,13,33,12,21,35,8,38,60,8,21,41,8,28,51
1,2,4,1,6,8,1,7,13,1,3,5,1,10,14,6,10,15,0,1,12,7,16,22,3,9,18,7,43,60,10,29,40,5,13,32
0,4,5,1,6,6,3,8,12,3,13,23,5,13,24,8,37,43,17,36,43,8,22,32,5,28,42,7,34,60,15,59,60,26,60,60
1,3,10,1,4,21,4,9,25,1,1,18,2,10,28,2,13,40,1,5,60,6,16,60,4,14,53,16,47,60,12,28,60,16,27,57
1,4,6,4,12,18,1,5,7,7,21,28,6,14,23,18,26,31,18,27,41,10,15,21,15,31,53,9,26,60,7,21,34,22,47,60
1,5,8,4,18,26,4,9,14,4,12,30,4,20,26,2,60,60,3,43,58,3,21,33,1,24,47,9,37,60,5,47,60,13,49,60
2,6,8,5,15,35,1,6,8,15,37,46,10,26,45,5,26,29,6,42,55,1,12,26,13,56,60,10,24,60,12,31,54,19,60,60
0,4,5,0,4,6,3,3,7,4,20,21,2,7,13,5,27,45,0,9,16,7,19,33,0,15,28,15,39,60,9,31,43,11,28,52
0,2,7,3,5,18,1,5,21,0,0,17,1,1,24,0,0,9,0,2,18,9,15,51,0,14,47,11,28,60,4,11,60,3,3,53
1,2,5,1,4,18,1,6,7,1,19,48,0,10,26,5,60,60,8,15,35,2,14,31,10,33,49,9,50,60,15,46,60,12,27,57
0,1,6,0,1,11,1,2,13,0,9,34,0,2,11,1,3,6,0,1,10,2,7,35,0,7,34,6,24,60,2,12,50,1,12,60
0,2,7,0,3,11,3,5,21,0,10,46,0,3,16,0,0,7,1,3,32,3,12,52,1,8,51,9,27,60,6,14,60,3,9,56
1,2,6,2,4,18,1,3,19,1,1,32,0,0,10,2,4,6,0,1,12,2,9,49,4,11,42,8,30,60,7,16,58,4,13,60
1,1,9,0,2,18,0,2,26,0,10,34,0,5,19,1,2,10,0,5,35,2,12,60,4,9,55,4,21,60,3,19,60,1,33,60
1,2,7,3,3,13,0,3,18,0,1,31,0,0,10,2,3,6,0,0,10,2,6,45,4,8,45,11,26,60,4,11,58,2,6,60
0,4,8,4,17,23,1,4,8,1,15,42,1,16,30,45,60,60,1,33,60,4,12,26,5,35,57,10,42,60,7,47,60,8,41,60
1,1,9,0,2,18,0,2,26,0,10,34,0,5,19,1,2,10,0,5,35,2,12,60,4,9,55,4,21,60,3,19,60,1,33,60
1,1,9,0,2,18,0,2,26,0,10,34,0,5,19,1,2,10,0,5,35,2,12,60,4,9,55,4,21,60,3,19,60,1,33,60
1,4,6,1,2,15,3,7,12,9,21,24,3,11,18,26,51,60,5,11,21,8,18,34,3,18,39,12,44,60,17,40,58,19,48,60
0,4,4,1,3,8,0,4,12,23,30,35,2,9,20,3,24,35,1,17,31,4,20,38,8,39,55,19,51,60,8,44,60,3,43,60
0,0,0,3,6,19,1,3,23,0,0,60,2,7,20,11,22,52,6,24,60,5,10,44,0,4,19,7,32,60,3,15,60,25,37,60
0,0,13,1,1,23,1,1,29,1,13,34,3,4,20,0,0,16,1,2,38,2,3,60,0,2,60,7,21,60,3,4,60,15,22,60
0,0,8,1,2,15,4,7,30,0,3,48,3,9,34,0,2,8,0,0,5,3,14,55,3,5,50,19,32,60,8,20,60,4,5,60
0,0,9,0,1,17,2,7,34,3,10,55,3,8,36,1,1,10,0,0,8,1,4,60,2,7,50,3,26,60,3,16,60,0,3,60
0,0,12,1,1,20,0,2,34,0,1,49,2,3,44,0,1,14,0,4,11,3,9,60,0,4,60,6,19,60,1,5,60,0,4,60
0,0,7,1,2,14,3,5,24,3,11,45,3,7,29,0,1,4,0,0,4,4,10,35,3,3,46,6,32,60,6,27,60,2,6,32
0,0,3,0,1,5,1,3,12,0,13,19,1,11,20,0,0,1,0,0,0,0,2,17,0,2,24,10,20,60,0,3,37,0,1,8
0,2,8,0,2,15,0,8,26,0,8,47,0,6,30,0,0,6,0,0,5,1,3,43,0,12,50,3,30,60,4,14,60,1,17,42
0,2,8,2,4,19,2,8,33,6,12,60,2,3,35,1,2,11,0,0,9,2,8,52,2,7,58,4,26,60,4,17,60,1,19,60
0,0,0,0,2,7,0,0,4,0,3,16,0,2,6,0,0,1,0,0,0,0,2,8,0,2,14,1,9,60,0,7,12,0,1,2
0,2,7,0,7,12,2,5,20,1,17,33,3,7,22,0,3,11,0,2,14,5,14,56,0,12,42,6,25,60,7,15,60,4,12,60
0,1,5,0,1,4,2,4,13,1,1,25,0,2,9,0,3,7,0,0,2,1,7,24,1,1,22,10,29,60,4,15,29,8,15,31
1,1,3,2,2,4,2,3,5,2,5,36,1,2,12,1,1,1,0,0,3,2,7,16,1,1,7,6,14,41,6,7,22,2,6,18
0,2,6,0,5,10,1,8,22,4,8,42,3,10,27,3,4,10,0,3,13,4,23,53,1,8,43,7,27,60,5,24,60,21,60,60
1,3,6,3,5,12,3,5,10,3,21,36,7,15,26,1,2,13,0,18,29,3,16,32,6,21,40,11,39,60,9,41,60,6,20,60
0,0,11,0,1,18,0,2,19,2,6,46,2,3,31,0,2,38,0,0,39,3,4,60,0,1,60,5,15,60,1,6,60,0,10,60
1,3,4,1,11,11,3,6,10,2,4,8,2,8,15,3,15,24,0,19,32,4,19,24,1,9,25,9,37,60,12,24,38,5,16,23
1,1,3,0,4,7,2,7,12,3,9,10,1,6,16,5,8,13,1,8,11,9,21,32,4,8,17,8,35,60,10,40,60,7,32,43
0,1,1,1,4,4,1,5,7,0,3,5,1,3,3,0,5,9,1,10,17,5,17,32,1,6,7,11,35,53,2,21,33,3,9,25
0,1,9,4,4,19,0,3,25,0,0,17,0,2,21,0,0,15,0,0,33,0,2,59,1,8,60,7,22,60,0,8,60,1,1,60
1,4,5,2,8,9,3,8,12,0,12,19,7,16,24,2,18,33,1,20,42,4,18,37,2,18,35,10,36,60,21,47,60,11,60,60
0,2,12,1,7,20,2,4,28,15,19,60,3,7,46,2,8,60,1,8,60,4,13,60,1,11,60,5,32,60,7,19,60,21,25,60
1,2,4,3,10,11,2,3,10,2,5,8,2,6,13,0,15,26,0,25,33,2,12,22,0,11,22,11,36,58,5,15,37,3,11,21
0,2,12,1,2,19,1,4,26,15,20,60,2,6,50,1,6,59,1,3,60,0,14,60,2,13,60,6,30,60,3,23,60,19,25,60
1,3,7,0,8,12,0,6,9,3,5,12,3,12,18,4,20,30,13,35,41,3,16,29,8,22,31,8,37,60,9,26,52,8,15,33
1,2,5,1,6,13,1,8,11,2,3,6,1,11,13,6,11,20,0,1,27,7,16,24,2,10,24,8,42,60,12,27,40,6,15,34
1,2,13,1,1,25,0,1,37,0,11,60,1,5,53,0,4,42,1,2,45,2,11,60,1,11,60,11,29,60,6,13,60,1,6,60
1,2,16,0,5,28,1,7,41,10,30,60,1,12,60,2,9,60,1,6,60,9,25,60,4,16,60,7,36,60,15,42,60,4,16,60
2,2,6,0,5,7,4,6,14,5,22,47,4,19,34,0,0,2,7,12,19,8,18,30,8,21,41,12,44,60,10,32,60,11,18,46
1,4,6,2,3,12,2,8,10,4,12,30,3,11,17,3,26,48,2,15,57,10,25,43,13,30,50,7,34,54,10,49,60,26,60,60
0,3,4,1,4,10,2,5,13,4,24,37,0,9,18,3,13,26,3,11,23,7,31,43,9,27,39,7,33,53,17,40,60,3,59,60
0,2,2,0,3,8,1,4,19,0,0,7,1,1,7,0,3,5,0,4,19,4,21,49,4,6,16,4,18,60,1,7,32,5,34,39
0,1,9,3,3,21,4,8,33,3,17,60,1,3,36,1,3,12,0,0,11,4,8,59,0,8,59,7,30,60,7,24,60,2,20,60
1,2,10,4,6,24,4,9,39,3,10,60,0,6,42,1,2,15,1,1,16,5,16,60,8,13,56,13,32,60,16,31,60,4,13,60
1,2,10,1,7,21,2,10,43,0,13,60,0,3,48,2,2,15,1,2,13,7,14,60,2,12,60,15,40,60,6,28,60,2,7,60
1,3,5,1,9,14,0,10,12,3,24,37,7,27,40,0,2,5,2,10,15,2,20,24,8,27,38,8,35,60,12,51,60,15,29,59
1,1,7,0,3,10,1,3,14,1,9,34,0,2,11,2,4,6,0,1,10,3,9,38,4,9,39,6,26,60,3,14,51,1,12,60
0,2,7,0,0,15,1,5,21,0,5,60,1,3,27,0,1,7,2,11,41,2,12,60,2,12,60,11,33,60,3,13,60,4,6,60
0,2,7,1,3,18,1,2,20,0,20,34,0,4,14,2,4,6,1,1,23,5,9,57,4,13,46,2,23,60,9,19,60,10,30,60
0,1,3,0,2,3,1,3,4,0,19,24,0,4,9,0,2,8,5,6,10,11,19,26,4,18,32,4,18,51,3,18,30,1,13,22
2,5,8,5,21,31,3,8,13,3,11,30,3,21,26,2,60,60,11,53,60,2,20,29,4,27,53,11,34,58,6,41,60,9,39,60
0,5,7,4,19,30,3,7,10,1,19,26,4,19,30,5,10,56,18,50,60,11,14,18,5,33,50,6,28,48,8,29,60,17,35,60
0,1,5,1,1,13,2,4,12,0,4,22,1,15,22,1,2,4,0,0,12,3,6,24,2,4,40,9,26,60,3,8,29,0,2,9
0,0,2,0,1,4,0,3,7,2,21,22,1,12,17,0,0,3,0,0,7,1,3,12,1,4,17,6,16,60,0,1,16,0,0,3
0,2,3,1,1,5,1,3,7,0,23,25,3,7,10,0,5,21,4,7,11,13,21,35,8,23,29,4,29,60,6,23,39,2,19,37
0,3,7,1,14,23,1,4,7,1,18,39,0,14,29,45,60,60,1,34,57,4,12,24,5,35,56,10,40,60,7,47,60,9,38,60
0,4,7,1,14,24,1,4,7,2,15,40,0,16,29,39,60,60,1,29,48,2,13,22,6,28,54,10,42,60,8,45,60,9,34,60
0,1,6,0,1,10,0,1,14,0,9,34,1,2,12,1,2,6,0,1,13,2,7,37,0,7,39,3,18,60,3,9,53,0,11,60
0,1,6,0,1,10,0,1,14,0,9,34,1,2,12,1,2,6,0,1,13,2,7,37,0,7,39,3,18,60,3,9,53,0,11,60
0,1,6,0,1,10,0,1,14,0,9,34,1,2,12,1,2,6,0,1,13,2,7,37,0,7,39,3,18,60,3,9,53,0,11,60
1,5,7,2,4,18,2,7,13,3,20,27,3,14,23,35,60,60,7,24,35,6,21,29,2,24,45,11,43,60,8,41,60,24,55,60
1,2,9,0,2,19,2,5,21,1,11,26,0,4,18,0,0,10,0,1,19,4,8,60,2,7,59,4,25,60,3,6,60,2,15,60
0,0,13,1,1,25,1,2,35,1,13,36,1,4,22,0,0,22,1,2,38,2,3,60,0,4,60,7,21,60,1,5,60,3,23,60
0,0,0,0,2,3,0,4,10,0,1,2,0,3,4,3,4,6,0,1,1,1,12,18,0,0,7,7,26,49,4,13,20,2,8,9
0,3,4,3,15,22,2,5,11,8,12,24,4,13,25,5,28,30,4,25,28,10,20,27,9,33,45,8,48,60,9,17,34,26,41,48
0,0,0,0,3,6,0,7,11,0,1,2,1,3,5,3,4,5,0,1,2,2,10,25,0,3,9,9,35,52,4,11,24,5,8,12
0,0,0,2,4,7,5,9,14,0,1,4,2,5,10,0,3,6,0,0,3,4,19,23,2,5,13,10,29,60,7,25,32,1,10,13
1,2,10,4,4,24,2,8,40,1,8,60,0,5,44,0,2,13,0,1,18,5,13,60,10,13,60,5,26,60,17,28,60,9,12,60
1,2,4,2,10,13,2,8,13,2,14,27,7,22,38,2,3,5,0,3,11,7,11,28,4,21,33,8,48,60,21,46,60,17,25,34
0,0,8,0,2,20,2,3,26,1,2,38,0,0,23,0,0,25,0,13,36,0,11,60,2,3,55,5,21,60,0,6,60,3,5,60
0,2,12,5,5,27,2,6,45,9,15,60,3,8,43,1,1,15,0,1,15,2,12,60,9,19,60,5,22,60,11,36,60,7,33,60
0,0,2,0,5,18,3,11,16,0,2,4,3,10,16,0,3,7,0,0,6,7,15,28,1,11,25,10,49,60,10,26,41,2,8,18
0,4,6,3,4,5,4,9,14,3,23,38,3,12,21,4,11,31,2,9,29,11,29,46,5,30,50,10,33,55,8,47,60,5,60,60
1,4,7,2,4,6,2,10,12,4,12,29,3,11,16,4,30,45,3,14,44,11,26,43,13,32,52,6,32,58,10,47,60,33,60,60
1,2,5,0,3,17,2,3,24,0,3,42,2,5,28,0,5,16,0,8,25,2,10,50,7,23,42,2,36,60,16,27,60,25,31,60
1,1,5,0,1,4,2,3,12,2,3,24,0,3,9,0,1,7,0,0,2,2,5,22,2,4,18,4,14,60,0,2,27,0,1,28
2,2,6,4,7,13,1,7,22,0,12,34,2,9,27,3,4,11,0,2,13,5,15,59,4,9,44,5,20,60,8,21,60,5,39,60
0,2,5,2,5,17,0,2,17,1,10,31,1,6,21,3,4,15,1,9,26,3,7,47,2,15,43,5,22,60,4,18,60,4,28,60
1,2,7,0,1,12,1,5,21,2,22,32,1,6,20,0,1,11,1,2,10,4,12,57,4,14,36,15,34,60,3,14,60,0,4,60
0,0,4,0,1,14,0,10,22,1,4,54,2,6,29,0,2,11,2,7,19,10,20,50,0,2,34,6,24,60,9,19,60,3,34,60
0,0,4,0,0,12,4,7,22,2,4,54,3,7,26,1,1,8,1,5,11,3,17,45,0,0,32,3,15,60,7,15,60,2,33,60
0,0,2,0,1,6,0,0,18,0,3,45,0,3,22,0,1,6,0,0,7,2,6,37,0,0,16,3,20,60,1,6,50,0,1,60
0,2,6,1,1,15,1,6,22,1,3,52,0,3,29,2,3,11,3,6,19,4,23,56,3,14,45,10,27,60,6,28,60,2,51,60
0,0,3,1,1,12,0,5,20,1,4,54,3,6,23,1,2,8,2,3,11,3,12,47,0,0,25,5,20,60,5,10,60,1,5,60
0,2,6,1,1,15,1,6,22,1,3,52,0,3,29,2,3,11,3,6,19,4,23,56,3,14,45,10,27,60,6,28,60,2,51,60
1,4,6,1,7,8,1,7,14,2,21,26,2,11,21,4,23,38,8,26,43,5,18,32,8,36,54,11,33,60,13,46,60,14,60,60
1,4,7,0,5,9,0,9,13,3,8,18,1,14,25,19,31,45,15,28,42,6,21,36,9,25,49,6,30,58,16,51,60,28,60,60
0,2,8,2,4,21,1,3,20,0,19,32,0,3,14,2,4,6,0,1,22,3,7,56,3,11,47,3,25,60,5,16,60,2,31,60
0,1,11,0,3,19,0,6,35,2,5,60,0,2,47,0,2,15,0,0,12,1,6,56,0,3,60,5,22,60,0,8,60,0,2,60
0,2,11,1,5,23,1,9,38,11,15,60,4,7,38,0,2,11,0,0,10,0,10,60,3,19,60,4,22,60,5,35,60,1,12,60
1,3,5,2,10,14,1,9,12,2,23,39,10,25,39,0,3,3,2,6,15,1,19,25,7,28,36,8,34,60,13,51,60,15,25,59
0,1,2,1,3,6,3,4,7,11,23,60,4,5,7,0,2,4,1,2,6,4,7,15,1,9,15,12,30,55,5,10,29,1,1,6
0,0,9,1,1,15,4,7,31,0,3,47,3,8,32,0,1,8,0,0,6,1,11,52,3,5,52,13,26,60,7,20,60,2,6,60
0,3,5,3,11,17,1,3,6,6,13,24,3,10,18,17,26,30,18,25,39,7,15,19,2,28,43,9,23,47,4,14,27,20,40,60
0,2,4,2,10,16,1,3,6,4,9,24,2,9,16,11,24,29,14,22,40,2,10,19,1,23,38,5,19,33,1,11,27,19,39,60
1,2,3,4,11,17,1,5,10,6,10,14,2,10,21,6,25,29,5,23,28,10,21,29,7,28,35,12,39,60,9,14,25,30,38,42
0,4,6,0,4,8,0,5,12,22,29,34,1,9,21,4,23,26,0,19,30,3,16,41,2,42,57,19,50,60,9,41,60,8,42,60
0,0,9,0,2,17,1,3,28,1,2,35,0,1,21,0,0,24,0,7,36,0,6,60,1,3,60,3,23,60,1,5,60,3,6,60
1,5,7,2,4,18,2,7,13,3,20,27,3,14,23,35,60,60,7,24,35,6,21,29,2,24,45,11,43,60,8,41,60,24,55,60
0,2,6,0,3,11,1,3,14,0,1,31,0,0,10,1,3,6,0,0,9,2,5,41,0,8,35,10,29,60,4,11,52,1,5,60
0,1,3,1,2,3,0,4,7,0,2,26,2,5,11,0,3,20,3,7,12,11,21,28,5,12,24,4,30,48,2,19,32,2,15,38
0,0,9,0,2,17,2,3,29,1,2,35,0,0,21,0,0,24,0,7,36,0,6,60,1,3,60,2,23,60,1,5,60,3,5,60
0,0,9,0,2,17,2,3,29,1,2,35,0,0,22,0,0,24,0,7,36,0,6,60,1,3,60,2,24,60,1,6,60,3,5,60
1,3,4,1,4,5,3,10,13,0,1,4,2,10,13,2,13,14,1,5,8,6,18,24,4,14,19,16,44,60,12,28,45,17,27,32
0,1,6,2,4,15,3,4,23,0,0,22,2,2,27,1,2,4,4,7,15,2,6,39,2,14,41,7,26,60,5,10,47,0,3,60
1,3,5,1,1,6,0,3,10,2,8,16,4,13,19,2,19,41,9,33,46,1,16,35,7,21,37,4,30,60,4,34,60,2,35,60
0,2,4,4,10,11,1,6,9,2,3,7,2,7,13,1,10,21,0,10,32,4,12,24,0,8,22,9,33,60,10,20,32,3,14,18
1,3,4,1,4,5,3,11,14,0,1,4,3,9,13,5,14,14,1,6,8,6,19,24,5,15,18,17,42,60,12,29,48,18,28,32
0,2,3,1,7,10,2,4,6,13,19,24,3,8,11,2,14,20,1,15,26,4,11,22,1,9,22,9,29,55,11,20,33,21,26,30
1,3,4,1,4,9,1,3,7,0,24,27,1,9,12,2,9,11,2,17,22,5,14,31,9,24,37,10,40,60,8,25,47,12,31,53
1,3,7,2,4,18,0,4,21,0,0,18,0,1,28,0,1,7,0,0,20,1,7,53,7,18,50,9,26,60,2,8,54,1,6,54
1,2,7,1,5,17,3,5,22,1,1,24,1,5,25,1,2,26,1,2,45,2,7,55,3,8,42,10,35,60,2,18,60,11,18,55
0,2,3,3,13,16,2,4,10,5,10,17,3,11,17,7,27,28,1,25,28,5,19,22,1,30,35,9,26,60,8,13,23,22,40,48
0,1,2,2,5,6,2,3,9,0,2,14,2,4,8,0,3,7,1,5,8,1,4,12,2,10,17,10,23,40,5,15,23,3,6,12
1,1,2,5,9,12,1,7,9,0,7,11,1,6,10,6,8,24,3,6,24,6,17,27,2,12,28,12,32,51,3,14,22,11,33,42
0,2,3,1,1,5,1,3,7,0,23,25,3,7,10,0,5,21,4,7,11,13,21,35,8,23,29,4,29,60,6,23,39,2,19,37
1,2,7,2,4,18,1,4,19,1,6,32,0,0,10,2,4,6,0,1,16,2,9,52,3,11,43,8,26,60,6,16,59,3,14,60
0,0,11,0,1,17,0,1,23,0,11,60,1,4,33,0,0,36,0,0,45,1,3,60,0,1,60,4,12,60,0,5,60,0,1,60
1,1,2,2,3,4,1,4,10,0,0,4,1,3,6,2,5,12,3,16,21,3,12,31,5,12,18,9,41,59,5,15,34,3,7,29
1,2,9,0,2,19,1,5,21,1,11,26,0,4,18,0,1,10,0,1,22,3,8,60,2,7,58,5,25,60,3,5,60,2,15,60
0,0,0,1,2,4,0,0,17,0,1,6,0,1,9,0,1,1,0,0,1,0,3,20,0,2,14,0,18,51,1,3,13,5,5,10
1,5,7,2,4,18,2,7,13,3,19,27,3,15,23,35,60,60,7,24,36,6,21,29,3,24,45,11,44,60,8,41,60,24,55,60
2,2,7,2,3,14,3,4,20,2,10,49,0,3,19,0,0,8,1,3,33,6,13,57,3,10,52,9,37,60,5,16,60,4,9,59
1,2,7,0,4,13,1,3,16,1,9,34,0,1,12,2,4,6,0,1,10,2,10,42,4,11,39,9,29,60,6,17,54,4,12,60
1,1,2,2,3,4,1,4,10,0,1,4,1,3,6,2,7,12,1,17,20,3,13,31,5,10,17,9,42,60,4,14,34,1,7,27
1,3,6,1,4,11,1,6,12,5,20,46,1,9,22,5,41,60,2,19,30,2,20,28,11,30,51,7,53,60,13,40,60,8,32,57
1,1,9,0,2,18,0,2,26,0,10,34,0,5,17,1,2,10,0,4,32,2,12,60,4,9,55,4,21,60,3,19,60,1,33,60
1,2,6,3,3,12,1,3,14,0,1,31,0,0,10,1,3,6,0,0,10,2,7,42,4,8,40,10,33,60,5,11,54,2,5,60
0,5,7,3,10,22,1,9,11,0,10,28,1,15,22,37,60,60,5,29,47,4,14,33,4,24,53,9,45,60,7,39,60,17,55,60
1,2,9,0,2,17,3,6,20,1,2,25,2,3,16,0,0,9,1,1,18,5,11,53,2,9,57,7,24,60,5,7,60,15,18,60
1,5,7,2,4,18,2,7,13,3,19,27,3,15,23,35,60,60,7,24,36,6,21,29,3,24,45,11,44,60,8,41,60,24,55,60
2,2,2,1,2,5,2,7,11,9,45,60,4,12,24,0,5,8,3,7,10,3,6,17,4,14,22,9,41,60,26,37,58,7,13,21
0,0,8,2,2,15,1,7,27,2,10,45,2,9,31,0,1,7,0,0,5,6,12,42,1,3,50,8,32,60,6,19,60,3,5,38
0,0,8,2,2,15,1,7,27,2,11,45,2,8,31,0,1,7,0,0,5,6,12,42,1,3,50,9,32,60,6,19,60,3,5,37
0,2,11,1,7,25,0,3,41,6,15,60,2,8,42,0,2,15,0,2,13,1,9,60,4,21,60,8,21,60,3,25,60,0,12,60
0,0,3,0,5,14,0,7,26,0,0,25,2,5,24,3,4,26,0,3,29,5,15,60,2,6,38,4,17,60,1,8,60,2,6,60
1,1,2,5,9,12,1,7,9,0,7,11,1,6,10,6,8,24,3,6,24,6,17,27,2,12,28,12,32,51,3,14,22,11,33,42
0,0,3,0,1,12,2,6,21,2,5,55,4,8,24,1,2,8,2,5,11,6,17,49,0,0,25,7,23,60,7,15,60,2,11,60
1,2,6,3,5,17,0,3,18,9,10,51,0,6,21,3,7,21,7,8,25,3,9,44,7,14,46,5,32,60,6,18,60,4,27,60
0,1,5,0,1,7,1,2,12,1,1,30,0,1,13,0,1,8,0,0,3,0,4,29,1,1,23,11,24,60,4,9,32,8,13,57
2,2,7,0,2,11,0,4,15,1,2,31,0,1,16,3,3,10,0,1,3,5,8,33,5,13,31,2,30,60,4,10,40,3,7,60
1,1,5,0,0,5,0,0,10,8,18,39,1,3,13,0,0,3,0,0,2,1,3,22,2,2,15,0,5,53,1,2,27,0,4,23
1,3,5,3,4,10,2,6,12,3,23,31,2,10,14,3,17,38,2,12,33,9,29,45,8,29,46,8,35,56,13,43,60,5,60,60
1,3,5,1,2,5,2,12,16,13,23,36,5,18,35,0,3,5,5,14,14,5,21,29,6,25,37,14,56,60,22,60,60,7,37,44
1,3,6,1,7,9,1,7,12,4,19,27,1,14,20,5,23,39,7,29,44,5,20,27,8,30,51,10,33,60,13,46,60,7,60,60
1,4,17,1,3,25,3,9,40,10,33,60,3,15,60,2,8,60,3,6,60,10,28,60,4,29,60,10,36,60,18,42,60,7,22,60
1,4,18,0,4,24,3,9,40,9,29,60,2,13,60,2,9,60,2,7,60,14,28,60,4,27,60,10,35,60,17,48,60,5,24,60
0,0,2,1,1,4,1,3,7,1,3,22,0,11,17,0,0,3,0,0,8,1,4,11,3,4,18,4,15,52,1,1,15,0,0,3
1,2,5,2,3,5,2,5,11,0,4,4,2,5,12,1,12,18,5,8,19,4,16,33,9,19,25,7,47,60,3,30,48,2,14,40
0,0,10,0,0,15,0,1,14,0,2,31,0,2,22,0,0,28,0,0,36,0,3,44,0,0,51,5,11,60,0,4,60,0,0,58
0,0,2,1,4,5,3,5,7,0,1,5,1,2,4,0,1,7,1,2,10,3,12,25,1,5,9,7,35,53,10,16,26,4,7,25
1,2,4,3,10,11,2,3,10,2,5,8,2,6,13,0,15,26,0,25,33,2,12,22,0,11,22,11,36,58,5,15,37,3,11,21
1,3,7,2,4,18,0,4,21,0,0,18,0,1,28,0,1,7,0,0,19,1,7,52,7,18,50,9,26,60,2,9,53,1,6,54
1,3,3,1,4,5,3,10,14,0,1,5,4,9,13,4,13,15,1,6,10,9,20,24,8,16,18,16,40,60,8,32,48,9,29,35
1,3,6,0,10,10,1,6,10,3,19,28,4,10,15,5,24,40,4,32,45,7,26,37,7,32,44,10,30,53,11,39,60,4,60,60
0,1,2,0,10,10,2,2,6,2,15,21,2,4,8,0,3,13,0,1,18,3,5,11,0,3,9,8,24,43,5,11,16,1,23,25
0,2,3,1,6,11,2,4,6,5,18,21,2,7,10,2,9,18,1,14,23,4,8,20,1,8,20,9,31,50,8,14,28,21,24,29
1,3,4,2,4,5,2,8,10,0,3,6,3,8,12,2,15,18,6,7,14,6,19,28,9,19,23,14,45,60,5,39,52,3,32,40
0,2,3,4,8,10,1,10,10,1,6,8,2,12,17,0,5,13,1,6,17,11,25,30,4,8,21,10,43,60,12,38,55,14,37,53
1,3,5,1,2,3,5,12,16,11,44,60,4,14,31,2,4,5,1,8,18,4,14,27,8,17,34,23,49,60,17,60,60,7,19,32
1,3,7,0,5,20,1,6,14,3,27,39,3,32,46,0,0,3,3,13,15,8,21,29,8,23,42,9,33,60,13,43,60,4,43,60
1,4,6,1,7,8,1,8,14,2,21,28,1,10,21,5,23,39,7,29,43,5,18,29,8,33,54,10,32,60,13,43,60,11,60,60
0,0,4,0,1,11,2,6,22,1,8,55,2,11,27,0,2,8,0,4,12,5,20,52,0,1,29,8,28,60,4,15,60,8,60,60
0,1,9,0,5,27,1,4,22,0,3,38,0,4,34,3,5,56,1,6,35,3,5,60,0,8,60,7,25,60,2,13,60,1,3,60
0,0,6,0,3,21,0,3,20,0,0,29,1,4,28,1,3,25,2,4,31,3,9,54,0,3,57,5,20,60,1,11,60,3,6,60
1,3,7,0,2,11,0,3,16,1,3,31,1,1,17,2,3,11,0,1,3,3,9,39,5,15,31,11,33,60,3,11,49,1,7,60
0,0,5,1,1,4,0,2,12,3,3,10,2,4,8,2,2,7,0,0,0,1,7,19,2,2,18,1,23,60,1,5,26,0,4,23
0,2,5,0,1,8,2,4,18,6,16,30,1,14,24,0,1,3,0,0,0,1,9,22,0,7,28,6,17,60,9,19,47,1,1,24
1,2,9,0,2,17,1,2,31,0,3,60,1,1,39,0,0,15,0,0,9,0,2,58,0,8,52,2,20,60,3,5,60,0,17,60
0,3,3,3,11,13,3,8,12,1,6,16,3,21,32,3,3,4,0,2,4,1,14,22,4,16,29,5,53,60,10,43,56,10,24,29
0,2,4,0,3,7,1,10,15,2,20,29,3,11,21,2,5,8,1,5,9,1,21,29,2,9,23,12,46,60,8,59,60,2,25,42
0,0,0,1,2,22,0,2,23,0,0,12,1,3,15,0,0,46,0,2,31,0,11,60,0,2,21,6,17,60,3,7,60,11,15,60
1,2,9,0,1,19,1,5,20,1,11,26,0,4,18,0,0,10,0,1,25,2,8,60,2,5,60,3,26,60,2,5,60,2,18,60
0,1,6,0,1,11,0,2,13,0,9,34,0,2,11,1,3,6,0,1,10,2,7,34,0,7,34,7,22,60,2,11,51,0,12,60
1,5,7,2,11,22,0,9,13,3,16,27,2,15,25,40,60,60,8,27,42,5,19,34,1,20,49,13,40,60,12,41,60,16,55,60
1,3,7,3,4,13,2,3,18,1,9,34,0,1,12,1,5,6,1,1,19,6,10,49,9,12,40,9,28,60,8,18,57,11,13,60
1,2,6,1,2,15,1,4,20,5,9,34,1,2,13,0,1,8,2,4,33,6,13,60,6,12,44,7,26,60,9,20,60,5,12,60
0,0,9,0,3,18,2,3,28,2,2,35,0,1,20,0,0,24,0,7,36,0,7,60,1,3,60,3,22,60,1,5,60,3,5,60
0,2,3,1,1,5,1,2,7,0,22,26,1,7,10,0,5,15,6,7,10,13,25,34,6,23,34,5,28,60,4,21,38,3,19,30
0,0,6,0,1,13,0,1,16,0,0,13,0,0,11,0,0,5,0,2,12,1,7,45,0,2,44,4,17,60,0,4,44,0,1,47
2,4,6,9,12,18,4,12,14,2,20,25,4,14,21,4,39,60,2,17,44,2,17,26,10,16,26,7,35,50,11,40,60,8,47,59
1,2,3,5,11,17,2,7,12,1,11,12,1,9,20,6,16,29,5,18,26,9,22,31,9,27,35,13,46,60,8,16,25,15,38,44
0,2,5,1,1,14,1,4,14,1,4,22,1,15,22,1,2,4,0,1,13,3,6,25,2,6,40,13,28,60,3,8,30,0,3,9
1,2,4,5,10,12,0,5,7,2,19,24,0,10,15,7,16,20,10,28,35,2,13,18,4,13,24,7,39,55,2,22,38,1,25,38
1,2,4,5,10,11,0,5,7,2,19,24,0,10,15,7,16,20,10,28,35,2,13,18,4,13,24,7,39,55,2,20,38,0,25,38
1,2,4,5,10,11,0,5,7,2,15,24,0,10,15,6,16,20,8,28,34,1,14,19,3,13,24,8,39,55,1,19,37,0,26,38
2,3,6,2,6,11,2,9,10,5,31,38,7,18,22,4,15,39,13,20,41,4,24,37,8,22,45,8,56,60,10,48,60,22,46,60
0,1,1,4,4,6,3,7,10,0,3,7,1,3,11,0,7,9,1,2,13,9,20,29,3,5,12,7,37,59,10,25,43,5,23,35
2,5,7,0,11,16,3,6,16,14,22,25,3,11,20,14,49,58,5,12,30,7,18,31,6,18,35,10,44,60,17,39,60,19,46,60
1,2,7,3,4,13,2,3,17,1,9,34,0,1,12,2,5,6,1,1,13,6,10,49,9,11,39,8,30,60,6,17,56,12,12,60
1,2,3,4,11,17,1,5,10,6,10,14,2,10,21,6,25,29,5,23,28,10,21,29,7,28,35,12,39,60,9,14,25,30,38,42
1,2,3,4,11,17,1,5,10,6,10,15,2,10,20,6,26,29,5,23,28,10,21,29,7,28,35,12,38,60,9,14,25,30,38,42
1,3,4,1,6,13,1,6,13,4,15,20,1,6,10,2,9,18,2,6,8,3,6,14,6,16,22,6,32,55,8,30,41,4,17,31
1,3,4,1,6,13,1,6,13,4,15,20,1,6,10,2,9,18,2,6,8,3,6,14,6,16,22,5,33,55,8,30,41,4,17,31
0,0,1,1,5,8,1,10,12,0,2,2,1,3,6,4,4,8,1,1,4,5,15,25,0,6,16,9,32,55,7,18,21,7,10,18
0,0,1,1,5,8,1,10,12,0,2,2,1,3,6,4,4,8,1,1,4,5,15,25,0,6,16,9,32,55,7,18,21,7,10,18
1,2,3,4,11,17,1,5,10,6,10,15,2,10,20,6,26,29,5,23,28,10,21,29,7,28,35,12,38,60,9,14,25,30,38,42
0,1,9,0,2,17,1,6,33,0,8,47,0,6,33,0,1,6,0,0,6,1,5,50,0,9,54,3,22,60,5,17,60,1,18,60
0,0,3,0,1,5,1,2,11,0,13,19,5,11,16,0,0,1,0,0,0,1,2,16,0,1,24,11,21,60,0,4,37,0,1,8
0,0,7,1,2,10,1,5,24,2,0,42,1,6,30,1,1,5,0,0,4,6,11,32,0,3,41,8,28,60,6,19,60,3,5,28
1,3,7,0,5,20,1,6,14,3,26,39,3,32,46,0,0,3,3,13,15,8,21,29,8,23,45,9,33,60,13,44,60,4,43,60
1,2,5,1,1,15,1,4,23,1,2,55,0,3,30,2,3,17,4,4,23,5,11,60,12,19,43,9,32,60,7,33,60,1,56,60
1,2,7,0,0,11,1,5,19,1,21,31,1,5,17,0,1,11,1,2,9,4,12,53,4,11,34,15,33,60,5,13,60,0,3,60
0,0,3,0,1,6,0,0,18,0,1,45,0,2,22,0,0,6,0,0,7,2,6,43,0,0,17,2,18,60,0,5,54,0,1,60
0,0,7,1,1,18,1,2,18,0,0,20,1,2,37,2,2,27,0,4,37,3,8,60,1,1,58,4,13,60,5,5,60,1,4,60
1,2,5,1,3,4,4,7,13,0,5,26,1,4,10,2,6,7,0,0,2,6,14,25,0,8,22,11,36,60,8,18,30,6,22,24
1,3,6,4,7,11,3,6,19,1,10,34,2,8,25,0,4,11,0,2,15,6,16,58,2,12,46,6,16,60,6,19,60,6,15,60
0,1,5,0,3,4,2,7,13,0,2,22,1,4,9,1,3,7,0,0,2,4,8,21,0,1,21,6,32,60,6,16,27,5,16,23
1,3,6,0,5,16,1,5,24,0,2,44,0,2,29,0,4,13,1,5,24,3,10,60,2,14,47,6,21,60,5,20,60,3,9,60
0,0,3,1,1,11,0,2,18,1,2,46,3,4,23,1,1,8,0,2,10,3,11,49,0,0,18,8,19,60,5,8,60,1,5,60
0,0,5,0,1,14,1,8,22,1,5,47,2,5,29,0,3,11,2,8,17,10,23,52,0,2,35,5,23,60,10,23,60,3,52,60
0,0,8,0,1,17,1,2,23,0,0,32,1,2,39,2,2,31,4,4,36,4,6,57,1,3,60,5,15,60,2,9,60,3,4,60
0,2,6,1,1,15,1,6,22,1,3,52,0,3,29,2,3,11,3,6,19,4,23,56,3,14,45,10,27,60,6,28,60,2,51,60
1,3,7,2,3,7,1,4,15,1,1,27,0,3,14,2,5,9,0,0,3,5,11,28,7,11,30,6,34,60,5,14,39,7,15,58
0,1,3,2,3,8,0,5,19,0,0,8,1,2,7,1,2,5,1,6,19,9,20,51,2,6,17,6,20,60,5,10,35,5,30,52
0,0,0,0,0,1,0,0,4,0,0,1,0,0,2,0,1,4,0,0,14,0,1,11,0,0,0,1,1,31,0,1,9,0,0,2
0,4,6,1,1,3,3,14,16,10,33,58,6,17,29,0,3,4,3,12,19,5,19,29,4,25,35,22,52,60,10,60,60,5,24,50
1,3,6,0,3,11,1,7,10,3,12,29,3,10,16,3,31,48,2,20,51,9,24,40,10,29,53,9,36,52,10,47,60,26,60,60
0,3,6,0,6,10,0,6,12,5,17,28,2,15,23,1,15,28,3,32,41,3,22,31,8,24,54,8,39,60,12,40,60,3,55,60
0,2,7,1,2,10,1,3,22,0,1,47,1,2,28,0,0,9,0,0,2,1,2,34,2,5,35,7,23,60,3,10,60,1,1,52
0,1,11,0,4,18,0,6,38,2,17,60,0,2,46,0,3,16,0,0,12,1,6,59,0,3,60,8,27,60,0,8,60,0,3,60
0,1,3,2,13,16,3,8,18,1,2,10,5,15,31,1,4,4,0,0,3,5,15,25,3,14,31,12,46,60,11,30,57,4,17,29
0,3,3,4,15,16,2,4,12,7,10,19,4,11,22,6,27,28,3,24,28,8,20,25,7,30,38,11,37,60,9,14,27,23,40,48
0,3,3,3,14,16,2,4,11,6,10,19,4,11,21,7,27,28,3,24,28,8,20,25,5,30,38,11,36,60,8,14,27,29,40,48
0,1,1,2,7,9,2,5,7,0,1,6,1,3,5,0,7,10,0,6,6,3,11,19,0,9,13,15,33,49,2,9,18,1,16,34
0,3,3,3,14,16,2,4,11,6,10,19,4,11,21,7,27,28,3,24,28,8,20,25,5,30,38,11,36,60,8,14,27,29,40,48
0,4,7,8,12,26,4,9,12,2,7,17,8,14,23,4,10,26,10,26,54,9,13,22,2,19,45,5,25,49,10,22,46,6,27,49
1,2,7,1,3,10,3,5,21,5,8,42,1,3,15,0,0,8,1,3,32,4,13,56,5,9,47,7,29,60,10,17,60,4,10,59
1,2,8,1,2,15,0,4,22,6,8,34,1,1,15,0,1,12,2,5,34,4,13,60,7,12,51,6,26,60,8,20,60,5,12,60
1,4,6,1,2,15,3,7,12,9,21,24,3,11,18,26,51,60,5,11,21,8,18,34,3,18,39,12,44,60,17,40,58,19,48,60
1,5,7,2,9,20,0,10,16,5,21,28,2,14,28,37,60,60,9,28,44,4,20,35,3,20,49,11,42,60,9,46,60,19,51,60
0,2,3,1,2,4,0,6,8,0,5,35,3,10,10,0,16,49,2,11,14,14,27,34,9,18,31,6,34,60,5,27,43,4,31,49
1,2,7,1,2,12,2,7,18,2,9,40,2,3,18,0,0,7,0,5,33,4,11,55,3,9,54,11,38,60,3,12,60,2,5,57
0,4,4,0,2,8,0,4,11,20,29,34,1,10,18,2,19,33,1,16,26,4,21,40,5,41,55,16,50,60,8,38,60,5,44,60
1,5,7,1,11,25,0,8,13,3,12,29,2,15,27,39,60,60,10,31,45,4,19,37,2,18,52,11,41,60,9,45,60,15,57,60
1,5,7,1,11,25,0,8,13,3,12,29,2,15,27,39,60,60,10,31,45,4,19,37,2,18,52,11,41,60,9,45,60,15,57,60
1,5,7,1,11,25,0,8,13,3,12,29,2,15,27,39,60,60,10,31,45,4,19,37,2,18,52,11,41,60,9,45,60,15,57,60
1,5,7,1,11,25,0,8,13,3,12,29,2,15,27,39,60,60,10,31,45,4,19,37,2,18,52,11,41,60,9,45,60,15,57,60
1,5,7,1,11,25,0,8,13,3,12,29,2,15,27,39,60,60,10,31,45,4,19,37,2,18,52,11,41,60,9,45,60,15,57,60
1,5,7,1,11,25,0,8,13,3,12,29,2,15,27,39,60,60,10,31,45,4,19,37,2,18,52,11,41,60,9,45,60,15,57,60
0,4,7,1,14,24,1,4,7,2,15,40,0,16,29,39,60,60,1,29,48,2,13,22,6,28,54,10,42,60,8,45,60,9,34,60
0,5,8,3,19,23,1,3,6,3,20,45,0,18,32,44,60,60,2,37,60,3,12,21,5,37,59,10,40,60,7,48,60,6,35,60
1,3,4,0,2,6,1,3,6,19,23,29,0,7,16,2,6,15,3,13,23,6,23,31,7,29,47,7,30,60,5,22,40,7,21,45
1,5,9,10,20,24,0,3,9,2,20,47,6,18,33,43,60,60,13,50,60,1,14,24,9,34,55,9,35,60,9,46,60,11,48,60
1,1,8,1,1,22,4,8,21,1,1,16,3,7,26,0,13,36,0,5,60,5,12,56,3,11,53,10,50,60,9,23,60,15,24,51
1,2,6,2,8,12,3,10,10,1,8,18,8,14,24,2,6,31,2,16,34,6,23,33,3,14,34,11,44,60,16,47,60,22,53,60
1,3,7,2,4,18,0,4,21,0,0,18,0,2,28,0,1,7,0,0,20,1,8,52,7,18,50,10,26,60,2,9,53,1,6,54
1,3,7,2,4,18,0,5,21,0,0,18,0,1,28,0,1,9,0,0,20,1,10,54,8,18,50,9,27,60,2,9,60,1,5,55
2,3,3,2,4,5,3,7,14,0,1,4,3,7,11,4,11,18,4,7,10,4,18,25,11,15,19,17,46,60,9,32,48,6,27,33
0,0,1,0,3,6,2,4,9,1,1,2,1,3,4,0,4,8,0,1,5,1,11,19,1,3,8,9,40,53,1,6,18,1,7,21
0,4,7,8,12,26,4,9,13,2,7,17,8,14,23,4,10,23,10,26,54,9,13,22,2,19,45,6,24,49,10,21,44,6,27,48
1,2,5,6,12,17,5,9,13,1,6,21,5,12,18,4,10,17,2,12,26,0,10,27,7,13,27,4,21,46,8,28,48,4,18,38
1,2,5,6,12,17,5,9,13,1,6,21,5,12,18,4,10,17,2,12,26,0,10,27,7,13,27,4,21,46,8,28,48,4,18,38
1,2,5,6,12,17,5,9,13,1,6,21,5,12,18,4,10,17,2,12,26,0,10,27,7,13,27,4,21,46,8,28,48,4,18,38
1,2,5,6,12,17,5,9,13,1,6,21,5,12,18,4,10,17,2,12,26,0,10,27,7,13,27,4,21,46,8,28,48,4,18,38
0,0,2,0,6,16,3,11,15,0,2,5,2,9,15,1,3,11,0,0,6,8,16,28,1,11,24,10,51,60,11,27,41,0,11,18
0,3,3,3,9,15,2,9,11,1,12,19,1,7,13,2,7,12,3,5,14,4,6,18,2,17,28,6,25,46,7,22,40,7,10,23
0,3,4,3,12,14,2,9,12,1,6,19,1,9,15,2,7,13,2,7,14,3,7,24,3,18,28,5,24,45,4,24,40,5,10,25
0,0,0,1,3,3,1,5,10,0,0,2,1,2,4,1,4,4,0,1,1,4,11,16,0,2,3,6,24,42,3,14,19,3,8,9
1,5,10,5,22,33,3,5,8,3,22,33,6,20,33,5,32,60,21,56,60,8,15,23,13,40,56,5,37,50,8,45,60,6,49,60
1,3,6,0,6,9,2,7,11,6,21,47,3,23,41,0,0,2,6,13,24,7,19,31,7,27,38,4,41,60,14,43,60,11,21,54
1,2,6,1,6,16,2,5,9,1,8,43,2,8,21,16,60,60,3,23,40,5,18,33,11,29,45,12,41,60,8,42,60,9,51,60
1,3,5,1,3,6,2,4,9,3,26,33,5,10,12,3,27,60,2,13,21,6,28,42,10,36,46,10,45,60,9,38,60,9,33,60
1,2,9,0,2,19,2,5,21,1,11,26,0,4,18,0,1,10,0,1,19,4,8,58,2,7,59,5,24,60,3,6,60,2,15,60
0,0,6,0,1,10,0,1,14,0,8,34,1,2,12,1,2,7,0,1,18,1,8,40,0,6,41,5,17,60,4,8,51,0,12,60
0,3,6,0,5,15,1,7,9,13,20,24,2,8,15,6,34,48,3,8,16,6,16,23,5,16,27,9,45,60,12,38,49,18,38,52
0,0,12,0,1,21,0,2,27,0,13,34,0,4,18,0,0,13,0,1,37,1,3,60,0,2,60,7,26,60,0,3,60,0,21,60
0,0,3,0,1,5,1,3,13,0,13,19,1,11,20,0,0,1,0,0,0,1,2,17,0,1,24,10,19,60,0,4,37,0,1,8
0,1,10,1,5,23,1,9,36,9,15,60,4,7,36,0,2,11,0,0,8,1,9,60,3,18,56,4,19,60,6,32,60,1,12,60
0,0,12,1,1,20,1,3,34,0,2,49,2,5,44,0,1,14,0,4,11,4,10,60,0,4,60,6,26,60,1,6,60,0,4,60
1,2,7,0,0,11,1,4,18,1,14,32,1,5,14,0,0,11,0,2,10,5,9,49,4,9,41,13,26,60,5,9,59,1,4,60
1,4,6,0,3,11,0,4,15,1,3,31,1,2,17,3,4,10,0,0,3,6,10,38,6,13,29,9,42,60,6,13,41,2,11,60
0,4,5,0,4,10,2,7,9,2,11,26,3,12,17,3,30,46,1,29,55,8,22,41,8,32,49,8,32,54,12,41,60,27,60,60
1,4,17,1,3,24,2,9,40,11,39,60,4,15,60,2,7,60,3,5,60,10,28,60,4,25,60,11,35,60,19,46,60,8,21,60
0,1,9,4,4,20,0,3,25,0,0,17,0,2,26,0,0,16,0,0,32,0,3,57,2,8,59,7,22,60,0,7,60,0,1,60
0,0,1,1,4,5,3,5,7,0,1,5,1,2,3,0,1,7,1,3,11,3,13,25,1,6,9,7,36,52,9,16,26,4,7,25
0,3,12,1,7,20,2,4,27,16,19,60,3,7,46,2,8,60,1,15,60,4,12,60,1,10,60,6,32,60,10,20,60,21,25,60
0,0,2,0,1,4,0,3,7,2,21,22,2,13,17,0,0,3,0,0,7,1,3,12,1,4,17,6,17,58,0,1,16,0,0,4
2,2,15,0,3,26,0,4,34,5,19,60,1,5,55,2,7,60,2,4,60,4,18,60,5,11,60,9,31,60,7,29,60,1,27,60
1,4,7,2,6,18,2,4,24,0,0,31,0,3,29,0,2,6,0,5,19,1,4,51,9,22,50,9,35,60,3,11,51,2,5,56
1,3,6,2,5,10,1,7,13,0,13,20,7,17,22,1,26,41,1,35,45,5,23,37,3,19,40,12,31,60,15,52,60,10,60,60
0,2,9,0,2,20,3,8,22,0,2,27,3,8,29,3,9,38,0,1,59,4,12,49,0,6,47,7,43,60,7,25,60,3,23,50
1,2,4,3,10,11,2,3,10,2,5,8,2,6,13,0,15,26,0,25,33,2,12,22,0,11,22,11,36,58,5,15,37,3,11,21
1,3,15,0,1,27,3,10,43,14,45,60,4,14,60,0,6,60,2,6,60,5,23,60,5,21,60,12,38,60,18,43,60,7,20,60
0,1,5,0,2,17,0,2,21,0,2,26,3,5,23,0,2,15,0,0,23,0,5,52,1,10,48,8,20,60,2,13,60,21,26,60
1,2,6,0,5,15,1,5,24,0,2,51,0,2,28,1,3,14,2,5,24,2,11,59,3,12,46,7,24,60,5,18,60,2,5,60
1,2,10,4,5,23,3,7,39,7,14,60,4,7,39,0,1,12,0,1,13,4,11,60,10,19,59,5,25,60,12,37,60,10,31,60
0,0,3,1,1,6,1,3,13,1,15,20,4,11,20,0,1,1,0,0,0,1,2,17,0,1,24,10,22,60,0,6,37,0,1,8
0,2,11,2,3,17,3,7,33,2,11,60,1,2,45,1,3,14,0,0,13,3,6,54,0,7,60,8,27,60,4,17,60,1,17,60
1,2,10,4,6,22,3,9,39,3,10,60,0,5,44,0,2,13,0,1,16,7,14,60,9,13,56,10,28,60,22,30,60,11,13,60
0,0,9,1,1,15,4,7,31,0,3,47,3,8,32,0,1,8,0,0,5,0,11,53,3,5,52,12,26,60,6,20,60,2,6,60
2,2,11,2,4,17,3,7,31,6,11,60,2,3,42,1,1,11,0,0,5,2,6,50,7,7,60,4,25,60,4,14,60,15,18,60
0,2,10,1,8,23,3,11,40,4,9,60,0,5,42,1,3,14,0,1,15,4,16,60,0,12,60,13,35,60,14,33,60,4,14,60
0,0,8,1,2,15,1,7,30,0,5,47,1,8,32,0,2,7,0,0,5,3,13,52,3,5,51,17,35,60,7,20,60,5,5,45
1,2,10,0,6,23,2,9,39,0,6,60,0,5,46,1,2,14,1,2,15,6,14,60,3,12,56,11,36,60,14,34,60,2,13,60
0,2,4,0,4,5,1,5,7,2,15,21,3,8,11,2,29,47,0,11,14,5,27,32,4,15,27,12,38,60,8,28,41,4,32,51
0,3,6,0,5,15,1,7,9,13,20,24,2,8,15,6,34,48,3,8,16,6,16,23,5,16,27,9,45,60,12,38,49,18,38,52
1,2,9,0,2,20,1,5,22,1,3,25,0,3,16,0,0,11,0,1,19,4,10,60,2,7,60,4,30,60,4,6,60,2,16,60
1,2,8,0,0,13,0,4,21,0,11,43,0,4,19,1,1,4,5,10,30,3,14,50,6,10,60,5,31,60,1,12,60,1,4,27
0,4,5,0,1,6,1,4,6,20,28,31,1,10,13,1,16,38,1,11,27,4,29,41,7,38,49,11,48,60,9,34,58,7,30,60
1,3,7,1,3,8,3,7,9,2,24,37,3,9,16,8,60,60,3,13,40,7,20,40,12,35,47,13,46,60,7,37,60,10,40,60
0,3,4,1,15,24,2,7,13,5,12,24,4,18,29,2,24,31,3,23,28,8,22,29,12,34,46,5,49,60,7,21,41,12,40,51
1,4,7,7,16,26,3,10,13,3,15,24,4,20,25,3,49,60,3,40,58,5,18,30,6,18,36,10,33,51,11,41,60,9,46,60
2,5,8,4,24,32,2,8,9,2,21,29,4,21,32,4,12,59,19,52,60,11,14,20,6,33,57,5,29,46,7,37,60,12,39,60
1,5,8,4,20,26,4,9,14,4,12,29,4,20,26,2,60,60,3,44,57,4,22,33,1,22,46,9,36,60,6,46,60,14,48,60
1,3,5,7,11,16,4,8,15,1,20,22,3,10,19,5,9,43,2,11,25,4,10,23,9,19,23,7,28,54,9,36,47,5,25,51
2,4,7,1,12,19,1,10,15,6,23,27,3,11,28,19,54,60,6,17,39,3,19,32,4,16,33,12,37,60,16,46,60,20,50,60
0,6,6,2,5,14,1,7,11,1,9,26,1,11,22,40,60,60,8,25,33,7,21,29,3,24,47,9,44,60,10,40,60,12,55,60
1,3,5,1,6,9,2,6,8,2,9,36,3,11,18,18,60,60,4,15,40,4,18,31,9,30,45,10,42,60,8,40,60,7,55,60
1,3,4,0,3,4,1,7,8,2,23,35,6,9,13,1,31,60,2,13,18,9,32,41,13,26,39,10,41,60,7,30,58,8,31,60
0,4,5,1,5,7,2,7,10,4,24,48,3,10,20,8,27,43,4,31,48,6,20,30,7,32,56,8,46,60,13,47,60,7,37,60
0,1,5,0,0,6,1,2,15,0,2,43,0,3,16,0,1,3,0,7,17,2,7,32,0,7,37,6,24,60,0,4,54,0,0,20
1,3,7,2,11,22,1,5,7,5,27,36,8,19,31,1,24,52,9,14,29,6,16,25,2,23,55,15,33,60,9,40,60,5,33,60
0,0,1,2,5,8,3,9,12,0,2,2,2,5,7,4,5,7,1,1,4,5,18,25,0,7,15,9,33,60,9,20,24,7,10,18
0,2,2,1,7,21,2,11,16,1,4,13,2,12,20,1,6,13,0,6,6,8,22,36,6,22,28,7,53,60,7,29,45,1,23,33
0,0,2,2,11,16,1,7,17,1,2,8,3,11,27,1,4,4,0,0,1,6,13,25,2,12,24,7,47,60,11,26,50,4,5,28
0,0,8,2,2,15,1,8,27,2,10,45,2,8,31,0,1,7,0,0,4,5,12,43,3,3,50,13,30,60,9,19,60,5,5,38
0,0,9,0,1,19,2,5,35,1,10,50,4,8,39,1,1,10,0,0,7,2,7,60,2,8,53,8,28,60,3,13,60,0,3,60
1,2,4,3,10,11,2,3,9,2,5,11,1,6,15,0,15,24,0,25,33,1,13,22,1,11,22,11,37,57,5,16,35,3,11,35
0,0,12,0,1,18,0,2,19,0,5,46,1,2,29,0,1,37,0,0,39,2,4,58,0,0,60,5,16,60,1,6,60,0,2,60
1,3,17,1,4,29,1,9,39,4,24,60,0,9,60,3,8,60,2,8,60,12,34,60,5,25,60,7,31,60,13,50,60,3,21,60
2,2,5,0,2,4,4,10,17,12,23,44,1,17,25,2,4,6,3,6,16,4,16,32,7,16,29,18,51,60,15,60,60,8,31,44
0,0,6,0,2,17,0,2,16,0,2,15,2,6,20,1,4,14,0,3,25,2,7,46,0,4,42,5,23,60,1,15,60,3,28,60
1,3,6,4,7,11,3,6,19,1,10,34,2,8,25,0,4,11,0,2,15,6,16,58,2,12,46,6,16,60,6,19,60,6,15,60
0,3,6,0,3,4,2,7,13,2,3,27,2,3,10,0,4,7,0,0,2,3,12,22,0,10,22,10,24,60,0,9,29,1,9,27
0,0,4,0,1,14,2,10,22,1,4,56,2,5,30,0,3,11,2,6,20,10,20,52,0,7,35,6,29,60,11,23,60,4,35,60
0,2,5,1,1,15,3,6,22,0,3,51,1,4,27,1,5,11,2,6,19,6,24,56,1,14,42,7,29,60,8,27,60,0,56,60
1,2,7,0,3,11,1,6,20,1,20,33,1,6,17,0,1,12,1,3,10,7,10,55,4,12,41,14,29,60,6,14,60,1,6,60
1,2,6,4,7,10,3,6,22,0,8,34,2,9,25,0,4,12,0,2,15,4,17,60,2,8,45,5,17,60,5,22,60,6,15,60
0,1,6,0,4,10,0,3,21,0,7,40,1,1,23,0,0,11,0,1,24,1,4,46,1,10,38,14,29,60,5,21,60,0,6,60
0,0,4,1,1,12,1,5,20,1,2,46,2,6,23,1,1,8,0,2,11,3,12,50,0,0,25,11,22,60,8,10,60,1,12,60
0,1,5,0,1,4,2,4,13,1,1,25,0,2,9,0,3,7,0,0,2,1,7,24,1,1,22,6,29,60,4,14,29,8,15,30
0,0,5,0,1,14,4,9,24,1,9,43,2,9,27,0,3,8,2,5,12,8,21,52,0,1,35,7,24,60,3,28,60,3,35,60
0,4,7,0,3,11,1,3,17,1,3,32,1,2,17,3,4,11,0,0,3,4,10,40,2,15,30,9,39,60,4,14,47,2,11,60
0,4,7,0,3,11,1,3,17,1,3,32,1,2,17,3,4,11,0,0,3,4,10,40,2,15,30,9,39,60,4,14,47,2,11,60
0,0,3,1,1,9,0,5,18,1,4,54,4,5,21,1,1,8,0,2,11,3,12,44,0,0,21,6,19,60,5,9,60,1,5,60
0,0,3,0,1,12,1,6,21,2,5,55,4,7,23,1,2,8,2,5,11,4,14,47,0,0,26,8,20,60,5,16,60,1,6,60
1,3,6,0,5,15,1,5,24,0,2,51,0,2,29,0,4,13,1,5,24,3,10,60,2,14,46,5,22,60,5,20,60,2,9,60
0,0,5,0,1,11,0,2,20,1,6,47,0,5,24,0,1,10,0,0,11,2,10,55,0,1,26,9,23,60,1,8,60,0,34,60
1,2,7,3,7,12,3,5,22,9,25,35,5,8,24,1,3,13,2,2,13,6,15,58,6,11,43,7,29,60,8,14,60,4,39,60
1,1,7,0,5,21,2,2,23,1,10,45,1,2,29,4,7,31,1,9,29,4,7,58,3,7,57,10,25,60,6,12,60,1,6,60
2,2,5,0,6,7,3,6,14,5,21,47,3,20,35,0,0,2,7,12,19,8,18,28,7,22,41,13,46,60,10,34,60,10,18,50
0,2,7,8,14,19,2,10,13,1,4,12,7,13,21,2,9,17,8,21,48,5,13,25,1,16,39,5,22,47,11,20,39,6,25,43
0,1,11,0,3,19,0,6,36,2,6,60,0,2,46,0,2,15,0,0,12,1,6,56,0,3,60,5,22,60,0,8,60,0,2,60
0,1,9,0,2,16,1,6,29,0,10,47,0,5,31,0,1,6,0,0,5,1,5,49,3,9,53,4,20,60,5,15,60,3,18,60
1,2,3,4,11,17,1,5,10,6,10,14,2,10,21,6,25,29,5,23,28,10,21,29,7,28,35,12,39,60,9,14,25,30,38,42
1,2,3,4,11,17,1,5,10,6,10,14,2,10,21,6,25,29,5,23,28,10,21,29,7,28,35,12,39,60,9,14,25,30,38,42
2,5,8,13,20,31,0,5,9,8,30,42,10,20,33,19,60,60,19,48,60,2,13,26,19,36,58,7,38,60,15,47,60,13,60,60
0,5,8,5,20,22,0,3,7,1,13,44,3,17,28,50,60,60,15,40,60,3,12,27,5,37,56,12,38,60,13,45,60,10,50,60
1,1,13,1,1,20,2,2,30,0,11,60,2,5,37,0,0,52,0,2,56,2,9,60,3,4,60,7,22,60,3,10,60,1,3,60
0,1,6,0,1,10,0,1,14,0,9,34,1,2,12,1,2,6,0,1,13,2,7,37,0,7,39,3,18,60,3,9,53,0,11,60
0,1,6,0,1,10,0,1,14,0,9,34,1,2,12,1,2,6,0,1,13,2,7,37,0,7,39,3,18,60,3,9,53,0,11,60
0,1,6,0,1,10,0,1,14,0,9,34,1,2,12,1,2,6,0,1,13,2,7,37,0,7,39,3,18,60,3,9,53,0,11,60
0,1,6,0,1,10,0,1,13,0,9,34,1,2,12,1,2,6,0,1,13,2,7,38,0,7,39,3,18,60,3,9,53,0,11,60
0,1,6,0,1,10,0,1,14,0,9,34,1,2,12,1,2,6,0,1,13,2,7,37,0,7,39,3,18,60,3,9,53,0,11,60
0,0,4,2,11,17,1,8,16,0,2,6,1,12,26,1,4,7,0,0,0,2,11,27,1,9,20,8,55,60,8,31,60,4,13,27
0,3,4,3,7,12,2,6,8,0,26,38,7,19,34,0,2,4,1,18,26,4,19,29,6,23,46,11,39,60,10,37,60,8,19,39
1,3,6,7,11,21,2,3,5,1,25,31,5,14,22,18,27,33,20,36,58,3,13,21,13,31,54,7,26,42,3,25,39,6,51,60
1,2,3,1,2,4,1,2,5,0,20,23,0,3,13,1,3,6,3,7,16,3,18,26,7,21,34,3,27,55,4,20,26,6,14,36
0,0,12,0,1,21,0,2,24,0,12,32,0,4,19,0,0,13,0,1,36,1,2,60,0,2,60,6,22,60,0,3,60,0,18,60
1,2,10,1,1,15,1,2,28,11,11,60,3,4,28,0,0,18,0,3,34,7,9,60,3,10,60,11,21,60,8,10,60,1,3,60
1,2,7,0,3,9,3,4,21,3,8,37,0,3,12,0,0,7,1,2,30,3,12,51,3,6,48,9,27,60,8,17,60,2,10,56
1,2,7,1,2,12,4,6,17,2,9,39,2,3,18,0,0,8,0,4,33,3,11,53,2,9,56,10,37,60,3,12,60,2,5,57
1,2,7,2,4,19,1,3,18,1,9,32,0,0,11,2,5,6,0,1,12,4,9,52,5,11,40,8,29,60,7,17,57,4,13,60
0,1,6,0,1,10,0,1,14,0,9,34,1,2,12,1,2,6,0,1,13,2,7,37,0,7,39,3,18,60,3,9,53,0,11,60
0,0,12,1,1,25,1,1,30,2,13,34,3,4,22,0,0,15,1,2,38,2,3,60,0,1,60,6,19,60,4,7,60,16,23,60
0,6,6,2,8,15,1,7,13,3,9,28,2,12,23,39,60,60,9,27,38,4,22,30,2,26,50,9,44,60,12,43,60,18,56,60
1,3,5,1,2,7,2,6,9,2,25,38,4,10,16,7,56,60,2,14,23,6,25,41,10,29,44,10,48,60,12,38,60,11,45,60
0,1,7,1,4,18,1,5,20,0,0,16,0,2,17,0,0,9,0,2,18,10,14,53,2,8,47,10,29,60,5,10,56,3,3,54
0,4,4,0,3,8,0,4,11,21,30,34,1,9,19,2,21,33,1,18,29,4,20,42,4,40,55,19,51,60,10,39,60,5,47,60
0,0,12,1,1,25,1,2,33,3,13,34,1,4,23,0,0,16,1,2,38,2,3,60,0,3,60,6,20,60,4,5,60,2,23,60
0,2,6,0,3,11,1,2,14,0,1,28,0,0,10,0,1,6,0,0,7,2,4,40,0,7,33,9,26,60,2,5,50,0,3,59
0,1,10,1,5,21,3,9,36,2,13,60,0,3,45,2,3,13,0,1,12,3,14,60,0,4,60,17,32,60,8,27,60,1,7,60
0,2,9,1,3,16,0,7,27,1,7,47,0,5,30,0,0,6,0,0,5,1,4,43,0,12,52,3,28,60,5,14,60,1,19,41
1,1,11,4,4,22,2,7,42,1,10,60,2,5,38,0,2,13,0,2,17,6,11,60,9,19,60,7,22,60,12,28,60,9,31,60
1,2,4,1,5,12,4,7,16,4,17,28,4,17,30,0,5,9,0,6,10,7,12,30,3,14,29,15,39,60,20,51,60,7,26,40
0,1,5,0,3,8,2,5,18,13,18,30,4,14,24,0,1,3,0,0,0,3,9,22,0,5,28,6,23,60,10,18,48,1,1,24
0,3,8,2,2,16,1,3,25,1,7,60,1,3,34,0,0,8,0,0,2,1,3,38,2,12,47,12,24,60,2,13,60,0,17,39
1,4,5,0,3,8,0,5,13,1,8,17,5,14,23,1,24,36,4,19,45,4,16,35,0,17,40,7,28,55,12,53,60,13,52,60
1,4,5,1,5,14,1,8,12,1,5,7,3,7,17,5,13,27,0,20,38,5,21,27,3,16,35,12,43,60,13,30,45,9,18,24
1,5,5,0,5,8,2,8,14,3,11,20,2,16,22,16,32,43,10,32,47,5,21,38,7,30,39,6,32,60,15,60,60,21,60,60
0,2,4,4,10,10,2,3,10,3,5,7,2,5,12,0,14,24,0,17,32,2,11,21,0,8,18,10,31,56,5,15,34,3,9,19
1,2,9,1,1,21,6,8,22,1,1,19,2,8,27,3,11,38,0,2,60,5,12,55,2,8,50,6,45,60,9,24,60,16,22,50
0,2,12,1,6,19,2,4,26,7,18,60,3,7,42,2,6,60,1,14,55,5,8,60,1,6,60,7,29,60,8,14,60,21,24,60
0,0,1,0,4,5,0,5,6,0,2,4,0,1,3,0,5,8,1,13,18,3,20,30,1,5,8,13,33,51,0,19,30,3,8,23
2,2,3,0,3,8,2,10,14,0,3,5,3,11,13,6,11,13,0,3,8,8,16,22,4,12,17,14,44,60,12,35,44,7,28,33
0,2,10,0,4,25,1,3,24,0,11,48,0,3,34,4,6,55,1,8,33,3,4,60,0,8,60,11,29,60,1,12,60,2,3,60
1,3,5,1,11,12,3,7,10,1,6,9,2,10,18,1,19,27,0,31,37,4,19,23,4,16,30,9,39,60,10,28,39,6,18,22
0,1,1,3,4,6,3,6,9,0,3,7,1,3,8,0,6,9,1,2,13,9,20,30,2,6,10,6,36,59,10,24,42,5,23,35
1,2,5,4,9,11,2,8,12,3,12,37,6,16,21,2,11,34,11,18,33,7,24,36,6,18,38,15,53,60,11,47,60,15,57,60
0,1,3,4,5,8,3,7,10,1,4,7,2,3,14,0,6,10,1,2,10,10,23,27,3,7,16,9,40,60,12,30,45,4,25,39
1,4,5,1,6,13,2,8,12,2,3,7,3,9,17,5,14,24,0,17,38,6,21,26,2,15,30,13,43,60,14,30,43,8,16,35
1,4,15,1,4,26,1,4,35,3,23,60,0,8,60,3,9,60,1,7,60,6,32,60,6,20,60,7,34,60,13,42,60,2,38,60
1,1,4,0,4,9,1,6,10,4,8,10,1,7,15,6,8,14,0,9,16,8,22,32,3,9,22,8,32,60,11,37,60,7,32,44
1,2,6,1,6,11,0,6,9,2,7,14,1,11,18,3,17,33,13,36,39,3,13,31,7,21,29,8,34,60,4,22,58,5,21,45
1,1,4,0,4,9,1,6,10,4,8,10,1,7,15,6,8,14,0,9,16,8,22,32,3,9,22,8,32,60,11,37,60,7,32,44
1,2,6,4,8,11,3,8,11,2,12,36,7,16,24,3,10,34,11,17,31,7,22,35,6,18,42,14,51,60,12,49,60,15,55,60
1,3,17,1,2,26,2,6,40,6,34,60,1,13,60,2,6,60,1,5,60,6,20,60,4,13,60,4,33,60,8,38,60,3,14,60
1,3,5,1,5,7,3,11,18,12,24,38,7,19,37,0,1,3,8,13,15,7,21,32,9,20,40,10,49,60,15,56,60,7,29,46
1,2,14,1,2,26,0,1,36,0,12,60,1,3,51,1,4,50,1,2,48,2,11,60,1,11,60,10,29,60,6,13,60,1,7,60
1,3,7,3,4,5,1,9,14,6,22,41,2,9,18,5,10,33,2,7,20,10,35,43,10,25,47,11,35,54,10,51,60,7,49,60
1,5,5,0,4,6,4,9,13,0,11,20,2,9,18,7,34,38,4,25,32,5,28,43,10,36,45,6,27,53,16,45,60,57,60,60
0,3,5,0,7,12,1,7,12,11,20,29,2,13,22,4,19,41,2,27,39,5,18,28,6,29,51,10,39,60,9,48,60,3,37,60
0,3,5,0,7,12,1,7,12,11,20,29,2,13,22,4,19,41,2,27,39,5,18,28,6,29,51,10,39,60,9,48,60,3,37,60
0,1,5,0,1,14,1,9,22,1,7,42,2,6,26,0,2,10,2,8,15,10,26,52,0,5,36,6,28,60,6,26,60,2,57,60
0,0,9,0,4,22,1,2,26,0,0,32,1,3,34,1,2,35,4,4,32,2,8,58,0,3,60,6,20,60,4,10,60,2,4,60
0,1,6,0,3,17,0,3,20,0,2,26,3,5,24,0,3,15,0,1,23,0,6,52,1,12,47,8,20,60,3,16,60,22,26,60
1,3,3,2,4,5,2,8,11,0,3,5,3,6,11,4,14,17,6,7,14,5,18,28,9,17,21,13,40,60,5,33,49,3,30,38
1,3,3,0,4,8,2,11,13,0,3,4,3,8,13,5,12,14,1,3,8,7,17,22,5,12,16,16,49,60,12,29,43,6,25,32
0,0,5,1,1,6,2,4,15,13,18,29,8,14,23,0,1,3,0,0,0,1,8,22,0,5,28,6,21,60,10,17,46,1,1,24
0,2,9,1,3,15,0,7,26,1,7,47,0,5,30,0,0,6,0,0,4,1,4,40,0,12,50,3,30,60,4,15,60,1,17,41
1,2,10,1,7,22,2,8,42,0,12,60,0,4,46,2,2,15,1,2,14,5,14,60,3,13,54,12,35,60,6,33,60,2,12,60
0,2,10,3,3,19,4,7,33,2,11,60,1,3,40,1,3,12,0,0,10,5,7,55,0,7,60,8,28,60,6,20,60,2,18,60
1,2,6,0,1,9,1,4,20,2,15,33,1,2,11,0,1,7,1,2,30,5,13,48,1,11,46,8,26,60,9,19,55,2,10,56
0,2,8,2,4,19,1,4,20,0,10,32,0,3,12,0,4,6,0,1,19,2,7,55,2,11,46,6,25,60,6,13,60,0,30,60
0,1,6,0,1,10,0,1,14,0,9,34,1,2,12,1,2,6,0,1,13,2,7,37,0,7,39,4,18,60,3,9,53,0,11,60
1,2,7,0,3,10,3,5,20,4,10,47,0,3,17,0,0,7,1,3,33,3,12,53,3,9,50,9,34,60,6,17,60,4,9,57
1,2,6,1,3,11,1,1,14,0,1,28,0,0,10,1,2,6,0,0,8,2,3,40,2,7,35,10,28,60,4,6,51,1,3,60
1,1,9,0,3,16,0,2,26,0,11,34,0,5,17,1,2,10,0,4,32,2,13,60,4,13,53,7,20,60,5,21,60,2,19,60
1,1,2,2,3,4,1,3,9,0,1,4,1,2,6,1,7,12,1,17,20,3,14,28,4,11,18,9,39,60,4,14,33,1,7,26
1,2,7,0,3,10,3,5,20,3,10,47,0,3,17,0,0,7,1,3,33,3,12,53,3,9,50,9,34,60,6,16,60,4,9,57
2,4,7,1,7,17,3,6,16,7,22,26,4,13,22,26,51,60,5,16,31,8,19,29,3,15,41,13,46,60,15,41,60,25,45,60
1,2,8,0,1,18,0,5,20,1,2,24,2,3,15,0,1,9,0,1,17,3,8,53,4,9,51,8,24,60,3,7,60,15,16,60
1,2,8,3,4,18,5,5,20,0,1,21,1,3,16,0,0,10,1,2,20,9,15,56,5,11,54,9,31,60,5,10,60,3,18,60
1,1,10,0,0,19,1,5,19,1,11,30,0,3,18,0,1,9,0,1,24,2,6,58,2,3,60,3,26,60,1,5,60,2,18,60
0,3,5,0,4,6,3,4,7,2,20,21,2,7,12,5,28,46,0,10,16,8,25,33,0,14,29,14,39,60,11,30,44,12,31,52
0,2,3,1,1,5,1,3,7,0,22,24,3,6,10,0,3,20,4,7,12,13,21,33,7,23,27,3,28,52,4,23,37,2,19,35
0,0,1,2,4,7,6,10,12,1,2,2,2,6,8,1,5,7,0,1,5,5,20,28,0,8,17,7,28,60,9,21,30,7,9,17
1,2,3,6,11,17,2,7,10,0,9,12,2,8,16,6,18,29,5,19,26,8,20,29,7,27,36,14,34,60,7,14,23,15,38,44
0,5,8,8,21,26,4,9,12,3,10,27,7,19,23,3,30,60,9,45,60,7,16,25,1,25,47,9,31,55,10,36,60,8,48,60
1,1,2,5,9,12,1,7,9,0,7,11,1,6,10,6,8,24,3,6,24,6,17,27,2,12,28,12,33,51,3,14,22,11,33,42
1,3,6,0,3,11,3,5,9,11,19,24,3,9,16,8,37,54,1,8,16,7,18,31,3,18,34,10,47,60,16,35,53,19,40,57
0,0,12,1,1,23,1,1,29,1,13,34,2,4,20,0,0,16,1,2,38,2,3,60,0,2,60,5,21,60,3,5,60,14,22,60
0,0,13,1,1,22,1,2,27,11,13,34,4,4,18,0,0,13,1,2,38,2,3,60,0,2,60,7,19,60,3,4,60,18,22,60
0,5,7,3,11,22,1,8,11,0,10,28,1,15,23,34,60,60,5,29,47,4,16,33,4,24,53,8,44,60,8,39,60,16,57,60
0,2,7,1,3,18,1,2,21,6,18,34,0,3,13,2,5,6,1,1,23,5,9,54,4,13,47,5,24,60,8,17,60,10,30,60
0,0,7,1,3,13,0,4,17,0,0,15,0,2,13,0,0,8,0,3,18,4,14,50,2,4,44,10,22,60,2,7,51,1,3,53
0,2,6,0,3,11,1,3,14,0,1,31,0,0,10,1,3,6,0,0,8,2,5,41,0,7,34,10,29,60,3,11,52,1,5,60
0,4,6,1,13,23,1,4,6,2,20,40,0,15,32,41,60,60,1,29,55,3,12,21,4,35,57,12,38,60,7,47,60,8,30,60
1,1,2,4,9,13,2,8,14,0,6,11,2,6,14,4,9,17,5,6,13,7,23,32,9,17,25,16,38,60,4,20,30,10,34,46
0,1,1,2,4,6,2,3,8,1,3,14,2,3,6,0,3,9,0,6,10,1,6,10,3,8,13,5,28,48,4,15,21,2,5,15
2,5,7,4,18,26,2,3,6,10,30,39,3,18,37,11,28,33,13,55,60,1,15,24,13,46,60,8,30,45,6,35,50,15,60,60
0,2,5,3,12,24,0,6,12,0,4,20,3,9,22,1,13,31,6,26,57,4,13,24,2,12,41,6,23,38,6,13,37,12,20,42
0,0,2,0,6,16,3,11,15,0,2,5,2,9,15,1,3,11,0,0,6,8,16,28,1,11,24,10,51,60,11,27,41,0,11,18
0,4,5,0,3,10,1,7,9,1,12,24,4,12,17,3,31,46,1,35,55,8,21,40,7,32,50,8,32,55,12,41,60,26,60,60
0,4,5,1,1,6,2,12,18,15,28,50,6,19,30,0,3,4,4,12,17,5,21,27,4,27,32,16,53,60,10,60,60,4,25,50
1,2,5,1,2,4,5,12,16,11,42,60,5,16,32,3,4,5,1,8,18,3,14,27,8,17,35,23,50,60,15,60,60,6,20,42
1,4,6,0,5,9,0,10,13,3,10,19,2,14,24,16,32,45,15,31,42,6,21,36,8,28,47,6,28,57,18,54,60,27,60,60
1,3,6,4,5,15,1,5,24,0,1,42,0,3,27,0,3,14,0,5,24,4,10,60,2,10,47,4,17,60,4,18,60,3,9,60
0,2,6,1,1,15,1,6,22,1,3,52,0,3,29,2,3,11,3,6,19,4,24,56,3,14,45,10,28,60,6,28,60,1,51,60
0,0,6,1,1,18,1,2,19,0,0,11,0,1,34,0,2,18,0,1,28,1,6,55,0,1,50,3,12,60,2,5,51,0,3,60
0,0,4,1,1,4,0,3,12,3,3,7,2,4,7,2,4,7,0,0,0,2,8,19,2,2,17,2,24,60,2,7,25,0,4,23
0,2,7,0,4,11,2,5,21,1,12,33,1,5,19,0,1,12,0,3,12,6,11,52,0,12,42,6,26,60,6,13,60,3,6,60
0,2,6,1,1,15,1,6,22,1,3,52,0,3,29,2,3,11,3,6,19,4,24,56,3,14,45,10,28,60,6,28,60,1,51,60
0,2,6,1,1,15,1,6,22,1,3,52,0,3,29,2,3,11,3,6,19,4,23,56,3,14,45,10,27,60,6,28,60,2,51,60
2,2,6,0,5,16,1,5,24,0,2,51,0,1,28,1,4,14,4,5,24,3,13,59,5,14,46,8,24,60,6,21,60,2,6,60
1,2,6,1,2,16,1,5,23,1,2,51,0,3,28,2,3,15,4,5,22,4,12,60,10,14,46,11,29,60,6,23,60,2,26,60
0,1,5,0,1,13,1,9,22,1,4,43,3,4,26,0,4,11,2,6,16,9,25,52,0,6,41,8,29,60,5,22,60,2,57,60
0,0,4,0,1,14,3,9,22,1,4,45,3,5,28,1,1,10,3,5,16,10,19,48,0,0,32,6,18,60,9,17,60,1,34,60
0,0,4,0,1,14,0,10,22,1,4,54,2,6,29,0,2,11,2,7,19,10,20,50,0,2,34,6,26,60,10,19,60,3,34,60
1,3,6,4,7,11,3,6,19,1,10,33,2,7,24,0,3,11,0,2,15,5,16,57,2,13,46,7,15,60,7,19,60,6,13,60
0,1,5,0,1,5,2,4,13,1,1,25,0,2,10,0,2,7,0,0,2,1,6,26,1,1,22,10,27,60,4,13,29,8,15,43
0,1,5,0,3,10,1,7,21,4,16,49,3,8,24,0,4,10,0,2,13,2,17,52,1,5,32,7,24,60,1,16,60,48,60,60
1,2,7,4,7,11,3,6,21,0,13,34,2,9,25,1,4,12,0,2,14,5,17,59,2,9,45,6,17,60,4,22,60,6,20,60
0,0,4,0,1,14,2,9,22,1,4,45,3,5,28,1,1,10,3,5,15,9,17,48,0,0,32,5,20,60,9,17,60,1,34,60
1,2,5,1,4,4,4,7,13,0,4,23,3,5,10,2,5,7,0,0,2,5,11,22,0,6,22,9,33,60,8,16,30,6,22,23
0,0,5,0,1,11,0,2,21,1,6,47,0,5,24,0,1,10,0,0,11,2,10,55,0,1,29,9,23,60,1,8,60,0,38,60
0,0,6,0,1,18,1,2,20,0,0,11,0,1,34,0,2,18,0,1,30,1,6,57,0,1,48,3,12,60,2,5,51,0,3,60
1,1,4,2,2,4,3,3,7,2,4,36,1,2,12,1,1,1,0,0,3,2,7,15,1,1,7,4,14,43,6,7,22,1,6,18
1,1,2,0,3,4,2,4,8,0,2,3,3,8,13,0,5,6,1,7,12,11,29,39,0,3,7,5,22,33,5,13,19,6,28,40
0,2,6,4,6,10,2,6,22,0,4,34,1,3,25,0,4,12,0,2,15,4,16,60,0,8,45,5,16,60,5,21,60,6,10,60
0,0,6,0,3,18,0,3,18,0,0,17,1,5,19,1,3,16,2,3,29,3,9,51,1,2,45,9,21,60,2,7,60,3,8,53
0,2,5,3,5,18,1,2,18,2,10,51,0,6,22,3,6,17,7,8,26,3,8,45,5,14,45,5,34,60,7,21,60,4,31,60
1,3,7,0,2,11,1,3,17,1,3,31,1,1,17,2,3,11,0,2,3,3,9,40,5,15,31,12,33,60,3,11,49,1,7,60
1,1,5,0,0,5,0,0,10,7,18,29,1,3,13,0,0,4,0,0,2,0,3,22,2,2,16,0,5,53,1,3,28,0,4,26
0,2,6,4,4,15,1,7,23,0,2,35,1,2,27,0,5,15,0,3,21,4,12,58,0,7,45,4,18,60,5,18,60,2,10,60
0,0,0,0,0,5,0,1,6,0,4,9,0,2,4,0,0,0,0,0,1,0,0,8,0,0,23,0,1,21,0,0,7,0,1,4
0,3,7,1,1,5,5,12,20,7,42,60,4,21,34,0,4,5,0,13,20,4,14,29,7,23,40,15,58,60,13,60,60,4,22,41
1,2,5,0,2,6,4,9,17,11,24,39,3,17,25,2,4,6,3,6,15,4,15,31,4,16,25,18,51,60,16,60,60,8,29,42
0,0,0,0,0,3,1,1,7,0,0,6,0,0,5,1,2,3,0,1,3,0,1,13,0,0,0,0,4,31,0,5,19,0,0,1
0,0,3,0,1,5,1,3,12,0,13,19,1,11,20,0,0,1,0,0,0,0,2,17,0,3,24,10,20,60,0,3,37,0,1,8
0,0,11,1,1,21,1,7,36,7,12,55,1,10,39,1,1,10,0,0,8,1,5,60,3,6,53,4,27,60,3,12,60,0,4,60
0,1,7,1,2,14,2,6,25,1,6,47,1,6,30,0,1,5,0,0,4,2,10,38,3,5,46,3,31,60,5,24,60,2,6,40
1,2,4,1,11,12,3,7,16,4,23,26,4,22,35,0,5,5,1,8,12,7,15,27,4,23,31,10,47,60,23,53,60,17,27,38
1,1,2,1,2,8,3,5,8,0,11,27,2,4,6,0,2,4,1,2,2,5,10,22,3,5,20,8,33,54,2,22,38,1,2,12
1,1,2,1,2,8,3,5,8,0,11,27,2,4,6,0,2,4,1,2,2,5,10,22,3,5,20,8,33,54,2,22,38,1,2,12
1,1,2,1,3,6,3,4,9,8,14,60,3,5,7,0,2,4,1,2,5,4,7,17,2,8,17,12,33,56,4,15,30,1,2,6
1,1,1,4,9,10,3,8,14,0,3,11,2,6,13,3,10,15,3,6,7,5,23,32,9,15,21,18,38,60,3,20,31,9,24,43
0,5,7,1,13,24,1,5,9,11,24,50,7,26,45,0,1,31,0,15,35,3,16,23,2,30,59,6,36,60,10,41,60,3,46,60
0,0,0,2,4,8,6,9,11,0,1,2,2,5,10,0,4,6,0,1,3,5,19,24,2,5,12,8,28,53,7,25,32,3,9,13
1,3,7,7,10,23,1,5,7,6,24,30,5,15,23,21,27,31,19,26,46,7,13,22,15,32,52,8,29,60,4,23,33,22,43,60
0,1,1,1,6,13,7,10,14,1,2,3,3,6,12,0,6,10,0,3,6,5,22,31,0,15,18,5,39,60,6,27,35,5,10,28
0,1,1,1,6,12,7,10,14,1,2,3,3,6,12,0,6,10,0,3,6,5,22,31,0,15,18,5,38,60,6,27,35,5,10,27
0,1,1,1,6,13,7,10,14,1,2,3,3,6,12,0,6,10,0,3,6,5,22,31,0,15,18,5,39,60,6,27,35,5,10,28
1,2,7,0,6,17,3,5,9,1,7,42,2,8,23,17,60,60,3,31,40,4,17,30,10,30,46,13,41,60,7,39,60,9,49,60
0,4,8,3,16,22,2,4,9,1,9,39,1,18,28,51,60,60,3,34,59,3,12,29,5,38,55,6,41,60,9,52,60,9,45,60
0,1,2,1,2,3,1,2,4,0,0,23,0,4,8,0,1,4,3,6,9,10,17,25,3,15,28,3,20,42,2,12,27,1,8,20
0,2,6,0,1,9,1,3,16,2,2,43,2,3,16,0,1,4,0,8,21,3,9,38,1,11,48,11,25,60,3,6,54,0,2,28
0,0,12,0,1,22,0,1,26,0,13,34,0,4,20,0,0,13,0,1,37,1,2,60,1,2,60,7,26,60,0,4,60,0,21,60
0,2,7,0,2,10,1,4,18,1,14,34,1,2,11,0,2,7,0,3,30,4,15,48,0,14,42,7,27,60,6,20,54,2,16,60
1,4,8,2,2,19,3,7,13,4,21,26,3,12,21,35,56,60,6,16,32,8,21,30,2,19,46,13,41,60,11,43,60,29,50,60
1,2,5,1,4,7,2,5,9,3,27,42,2,8,16,11,60,60,2,10,39,2,16,30,16,29,51,15,50,60,11,46,60,10,35,60
1,4,8,2,2,19,3,7,12,4,20,26,3,12,21,34,56,60,6,15,32,9,20,30,2,20,45,11,42,60,11,40,60,29,49,60
1,2,6,0,2,14,1,2,23,8,12,34,1,2,13,1,4,7,0,2,30,3,14,52,4,12,42,9,21,60,5,24,60,2,18,60
1,2,9,0,1,15,2,2,24,8,11,60,3,3,26,0,1,15,1,7,39,8,11,60,3,10,60,8,27,60,10,10,60,1,5,54
0,0,0,0,2,3,0,4,7,0,0,1,0,1,4,0,3,3,0,0,1,3,7,14,0,2,4,6,24,46,1,9,17,0,6,8
0,0,0,2,4,7,4,8,10,0,1,2,2,4,10,0,4,6,0,1,1,6,16,23,2,3,9,5,32,47,7,22,31,3,9,13
0,0,0,2,3,8,3,6,13,0,1,2,2,6,9,0,1,5,0,0,1,4,14,24,2,3,7,10,32,46,3,21,35,1,8,14
1,2,6,0,3,13,3,5,20,1,10,48,0,3,18,0,0,7,1,3,33,4,14,55,1,9,51,10,32,60,6,15,60,5,9,58
0,0,7,0,1,15,0,3,18,0,1,14,0,2,13,0,0,8,1,2,19,0,12,51,2,4,48,8,21,60,0,6,56,0,16,60
1,2,7,2,4,18,1,4,19,1,6,32,0,0,10,2,4,6,0,1,16,2,9,52,3,11,43,8,26,60,6,16,59,3,14,60
1,2,7,0,2,15,1,1,22,0,14,34,0,2,14,1,2,7,0,4,30,4,13,55,4,14,45,9,21,60,6,23,60,4,16,60
1,3,3,0,3,4,3,10,15,4,36,60,4,14,22,3,3,7,1,6,11,5,12,25,5,16,25,13,44,60,27,51,60,9,18,24
0,2,10,2,3,17,3,7,32,2,11,60,1,3,43,1,2,13,0,0,11,4,5,53,3,7,60,8,27,60,5,16,60,1,17,60
0,2,5,1,1,6,1,4,15,8,16,27,8,13,22,0,1,2,0,0,0,2,7,20,0,8,28,3,18,60,8,14,44,1,1,24
0,1,11,0,5,19,1,6,37,2,18,60,0,1,44,0,3,16,0,1,15,1,8,60,0,6,60,10,28,60,2,17,60,0,2,60
1,3,4,2,9,10,2,6,13,0,3,26,5,10,16,1,6,11,2,14,19,3,16,26,7,21,30,14,36,56,3,33,51,3,39,59
0,0,11,0,1,18,0,2,20,0,5,45,1,2,29,0,1,37,0,0,39,2,4,59,0,0,60,5,16,60,1,6,60,0,2,60
1,3,7,2,5,18,0,5,21,0,0,18,0,1,28,0,1,8,0,0,19,1,9,53,7,18,50,8,27,60,1,9,56,1,5,55
0,2,12,1,7,20,2,4,29,15,19,60,3,6,50,2,8,60,1,6,60,3,13,60,1,11,60,4,32,60,6,19,60,21,25,60
2,2,4,1,3,9,1,3,5,0,22,27,2,7,12,2,6,10,1,11,22,3,12,31,14,17,31,7,37,57,6,19,40,3,28,49
0,0,2,0,1,5,0,1,10,0,0,16,0,0,8,0,0,2,0,0,9,0,0,14,5,9,20,3,7,60,0,1,23,0,0,4
1,1,5,0,0,7,0,0,11,4,18,29,2,3,13,0,0,5,0,0,2,0,3,25,2,2,18,1,5,59,1,3,30,0,4,27
1,2,5,3,5,18,1,2,18,2,10,49,0,6,22,3,5,14,7,8,26,2,7,44,5,14,44,5,34,60,8,23,60,4,30,60
1,4,6,0,3,11,0,4,15,1,3,31,1,2,17,3,4,10,0,0,3,6,10,38,6,13,29,9,42,60,6,13,41,2,11,60
1,1,5,1,3,4,3,7,13,0,2,23,1,4,10,2,4,7,0,0,2,6,10,22,0,5,22,8,34,60,10,17,30,6,20,23
1,3,7,2,4,6,3,10,12,3,10,34,3,10,17,4,21,43,2,8,37,11,29,45,11,30,54,6,34,56,9,53,60,27,60,60
1,3,5,1,4,10,1,5,11,2,23,30,2,11,15,3,18,33,3,19,33,11,30,45,8,29,41,8,36,56,12,40,60,6,60,60
1,3,7,0,6,10,0,6,13,4,17,27,2,14,22,3,20,33,4,31,41,4,20,28,9,26,55,10,39,60,11,44,60,4,60,60
1,3,7,0,5,20,1,6,14,3,27,39,3,32,46,0,0,3,3,13,15,8,21,29,8,23,42,9,33,60,13,43,60,4,43,60
1,4,6,2,4,6,1,8,14,3,19,43,2,9,19,3,15,30,1,7,18,10,37,46,8,33,47,11,33,57,10,56,60,6,54,60
0,4,5,1,3,5,3,7,10,2,4,9,2,8,12,1,15,23,2,12,29,7,19,32,4,22,28,13,42,60,9,39,56,3,20,41
0,3,4,2,9,11,2,4,12,0,25,28,5,9,19,1,8,13,8,17,18,6,17,30,5,23,33,17,47,60,6,33,55,13,44,60
0,1,2,0,10,10,2,2,5,2,14,21,2,4,8,0,2,13,0,1,15,3,5,8,0,3,8,8,23,42,5,10,16,0,23,24
2,3,6,2,6,11,2,9,10,5,31,38,7,18,22,4,15,39,13,20,41,4,24,37,8,22,45,8,56,60,10,48,60,22,46,60
0,1,8,0,1,21,2,8,21,0,1,30,3,6,25,3,8,38,0,1,55,1,11,48,0,5,48,9,38,60,5,18,60,0,18,47
1,4,15,1,4,21,1,5,31,13,25,60,2,7,56,3,10,60,1,7,60,3,25,60,6,18,60,10,31,60,10,37,60,2,31,60
0,2,5,4,10,11,2,5,11,2,3,7,1,6,12,0,15,25,0,22,32,3,14,24,0,10,21,10,38,60,9,20,35,2,14,20
1,3,6,2,5,10,3,7,12,1,13,18,7,14,23,1,22,42,2,23,44,5,23,39,6,22,34,12,39,60,18,51,60,11,60,60
0,2,14,1,1,24,1,2,40,0,38,60,2,8,60,2,5,42,1,2,46,2,12,60,1,9,60,10,25,60,6,16,60,1,8,60
1,4,6,4,6,7,2,7,16,1,16,32,3,18,29,0,4,11,3,14,32,3,18,33,7,28,45,9,40,60,5,39,60,4,39,60
1,5,6,0,3,7,4,7,13,4,9,17,1,9,21,15,32,41,6,24,34,6,27,37,12,32,48,3,29,56,17,54,60,48,60,60
1,4,7,2,4,6,2,9,12,3,11,22,3,10,17,6,29,47,2,16,43,9,25,40,12,34,51,6,32,60,11,51,60,33,60,60
1,5,6,1,5,8,3,9,14,2,13,28,3,11,21,5,26,37,2,22,36,2,20,40,11,36,56,6,36,60,13,41,60,31,60,60
1,4,21,1,7,39,1,12,44,4,13,60,5,15,60,0,3,60,1,13,60,3,14,60,4,28,60,16,41,60,2,43,60,3,37,60
1,4,21,1,7,39,1,12,44,4,13,60,5,15,60,0,3,60,1,12,60,3,13,60,5,27,60,16,41,60,1,43,60,3,37,60
1,3,4,0,9,12,3,9,16,4,24,27,3,22,34,0,4,6,1,11,14,7,18,28,4,22,36,9,50,60,23,52,60,17,30,41
0,0,0,0,1,7,0,0,5,0,1,16,0,0,6,0,0,1,0,0,2,0,2,7,0,4,12,0,4,60,1,6,12,0,1,2
0,1,5,0,3,10,1,5,21,4,19,49,3,8,24,0,4,10,0,1,13,2,16,53,1,6,32,7,25,60,1,15,60,52,60,60
0,0,4,0,3,10,2,6,21,1,7,54,2,11,27,0,5,8,0,5,13,4,21,52,1,2,32,7,32,60,4,19,60,25,60,60
1,2,6,1,1,16,1,5,23,2,2,51,0,3,28,2,3,16,4,5,22,4,12,60,10,14,46,11,24,60,6,24,60,1,28,60
0,0,5,0,1,14,3,10,22,1,5,47,2,5,29,0,2,10,2,7,16,11,24,51,0,2,34,4,23,60,10,23,60,4,52,60
1,2,6,1,1,16,1,5,23,2,2,51,0,3,28,2,3,16,4,5,22,4,12,60,10,14,46,11,24,60,6,24,60,1,28,60
1,3,7,1,6,6,1,3,10,2,9,18,6,13,19,3,20,37,13,37,44,1,17,30,9,23,40,11,30,55,4,31,60,2,28,60
1,2,7,0,3,10,3,5,21,3,8,37,0,3,13,0,0,7,1,2,31,3,12,51,3,7,48,9,27,60,8,17,60,2,10,57
0,2,12,1,7,20,2,4,29,15,20,60,4,7,46,2,8,60,1,15,60,5,13,60,1,12,60,5,32,60,9,24,60,21,26,60
0,4,5,0,4,4,3,6,11,2,6,11,2,8,14,1,17,29,1,25,37,3,19,32,5,22,33,10,38,60,10,29,54,6,20,26
0,1,3,3,6,9,0,10,10,1,3,7,2,8,15,1,3,9,0,5,15,5,20,31,0,14,21,12,30,57,11,34,47,2,37,49
1,3,3,1,4,4,3,11,13,0,1,4,3,10,13,4,12,14,1,4,8,7,18,24,4,14,17,14,47,60,9,30,45,7,28,32
0,1,8,0,1,12,1,1,30,0,0,60,1,1,35,0,0,14,0,0,9,0,2,52,0,7,48,2,22,60,3,5,60,0,2,60
0,5,8,7,20,24,0,3,8,2,16,46,4,17,31,45,60,60,14,45,60,3,13,25,6,37,57,13,33,60,8,50,60,10,50,60
1,2,8,2,3,18,5,5,20,0,2,25,1,3,16,0,0,9,1,1,20,9,15,54,4,9,55,9,30,60,6,10,60,2,18,60
0,2,8,0,3,18,4,5,19,1,2,25,2,3,16,0,0,9,1,1,20,8,14,54,3,9,55,9,28,60,6,9,60,1,18,60
0,2,7,1,3,19,2,5,20,0,1,15,0,3,14,0,0,9,1,2,19,10,14,54,2,9,51,7,30,60,4,10,58,2,17,60
1,3,7,1,3,12,3,4,21,7,8,39,1,1,14,0,0,8,2,5,32,8,15,60,6,14,42,8,28,60,10,20,60,6,11,60
1,3,6,1,9,18,1,5,7,0,19,31,0,13,25,5,60,60,9,16,35,4,16,26,8,28,47,7,46,60,13,48,60,13,29,58
0,4,6,1,13,26,1,3,5,2,20,38,0,17,33,39,60,60,6,27,49,2,14,19,4,31,59,12,41,60,7,44,60,8,32,60
1,4,5,1,2,7,2,5,9,19,28,32,3,10,13,3,20,60,2,11,28,5,25,41,10,37,49,6,46,60,11,34,57,7,37,60
0,1,6,1,3,10,1,2,15,0,9,34,0,2,11,1,4,6,0,1,12,3,10,41,4,9,35,8,27,60,4,15,51,9,13,60
1,3,5,3,12,15,4,9,14,3,17,22,3,9,17,3,9,30,2,9,15,4,8,21,6,19,20,7,26,53,8,36,44,7,18,43
0,3,4,1,15,24,2,6,13,7,14,27,4,19,28,3,27,31,3,26,28,9,20,28,10,36,47,6,51,60,7,21,38,13,43,55
1,5,8,4,20,26,4,9,14,3,11,30,4,20,26,2,60,60,4,45,58,4,22,31,1,24,48,9,37,59,7,46,60,16,47,60
1,5,9,7,23,32,3,4,10,3,21,35,8,20,30,8,60,60,23,54,60,5,18,26,8,38,55,8,34,60,8,42,60,7,60,60
0,1,7,0,0,14,2,4,20,0,0,59,0,2,25,1,1,7,7,11,44,2,13,60,3,13,60,11,38,60,1,8,60,2,5,60
0,1,7,1,3,18,1,5,19,0,1,16,0,3,15,0,0,9,1,2,19,10,15,53,2,8,49,11,31,60,4,10,58,3,4,60
0,4,4,1,4,7,1,8,10,5,32,45,3,10,18,5,25,42,1,18,37,4,18,33,6,34,54,18,49,60,12,46,60,5,44,60
1,4,7,1,2,15,3,7,13,5,21,26,4,12,19,32,51,60,5,16,28,8,20,29,2,18,43,14,45,60,16,43,60,27,50,60
0,0,0,2,4,7,4,7,11,0,1,2,2,4,9,0,2,6,0,0,1,4,13,23,2,3,8,10,31,42,5,19,33,2,8,13
0,0,3,1,1,6,1,2,14,5,16,21,8,11,20,0,1,1,0,0,0,2,3,17,0,1,25,8,24,60,1,10,38,1,1,8
1,2,11,2,9,23,2,12,42,1,11,60,0,5,46,2,2,14,1,2,14,5,14,60,2,11,60,13,39,60,8,30,60,2,6,60
1,2,2,2,4,5,2,7,10,17,60,60,3,15,21,1,3,5,4,6,8,2,5,12,7,14,18,8,37,60,6,34,53,6,11,18
0,0,3,1,1,6,1,2,13,2,15,20,8,11,20,0,0,1,0,0,0,1,2,17,0,1,24,9,22,60,0,6,37,1,1,8
0,0,7,1,2,10,0,5,23,2,17,41,1,8,31,1,1,4,0,0,4,5,11,30,0,3,39,9,29,60,5,20,60,3,5,27
0,1,4,1,4,12,2,6,15,0,13,22,4,12,28,1,7,8,0,3,7,5,16,28,1,12,26,13,35,60,12,44,60,1,27,42
0,0,9,1,1,15,4,7,32,1,3,48,3,7,33,0,1,9,0,0,7,1,10,56,3,5,52,14,27,60,5,20,60,2,6,60
1,4,5,1,2,13,2,10,17,17,23,32,6,17,37,0,2,5,4,14,14,6,21,31,7,25,38,11,55,60,20,55,60,6,36,43
1,3,4,0,9,12,2,8,16,4,23,27,3,22,35,0,4,5,1,11,14,6,19,28,5,22,38,7,49,60,22,52,60,19,30,39
1,3,5,4,4,10,2,7,10,1,24,39,3,16,28,0,2,9,3,12,30,2,18,27,7,23,42,11,38,60,9,35,60,8,22,51
0,1,5,1,1,15,1,7,22,1,2,55,0,2,31,1,3,13,2,6,21,7,17,56,6,12,39,9,29,60,6,32,60,29,36,60
0,2,6,1,1,15,1,6,22,1,3,52,0,3,29,2,3,11,3,6,19,4,23,56,3,14,45,10,27,60,6,28,60,2,51,60
0,1,8,0,4,24,1,4,22,0,2,35,1,4,32,2,7,48,1,10,33,2,7,60,0,6,60,6,27,60,4,11,60,1,5,60
0,0,4,0,2,14,1,8,22,0,4,52,2,5,29,0,1,11,1,3,18,4,16,48,0,1,34,4,16,60,7,21,60,28,34,60
0,0,4,0,0,11,4,7,22,3,5,55,3,7,28,1,2,8,3,5,12,7,20,49,0,0,30,5,20,60,3,20,60,2,8,60
0,0,0,3,6,14,0,6,22,0,2,18,1,7,20,7,14,27,6,21,31,5,19,57,5,19,39,6,21,60,5,20,60,11,33,60
1,2,5,0,1,15,2,6,23,1,2,48,0,3,30,1,2,17,0,4,23,3,10,59,9,19,41,8,35,60,10,31,60,5,55,60
1,1,7,3,3,17,1,3,22,0,10,40,1,5,24,0,3,15,1,7,22,2,5,49,7,20,44,12,30,60,16,28,60,5,30,60
1,1,8,0,2,23,2,2,22,0,10,45,0,2,31,4,7,44,1,9,34,3,7,59,2,7,58,11,23,60,5,11,60,1,6,60
0,2,5,1,1,15,3,5,23,0,2,51,1,4,28,1,4,11,3,6,19,6,24,55,1,15,43,7,28,60,8,28,60,1,55,60
0,0,4,0,1,14,1,8,22,1,4,55,2,6,30,0,2,11,2,6,20,8,19,51,0,6,34,7,27,60,10,21,60,28,34,60
0,2,5,2,5,17,0,2,17,0,2,22,2,5,21,2,4,13,0,10,26,3,6,46,1,13,43,8,24,60,1,16,60,4,28,60
1,2,6,0,1,15,1,4,24,1,2,51,0,2,29,2,3,17,2,5,24,2,10,60,8,15,46,9,25,60,3,25,60,2,26,60
0,0,8,0,1,18,1,2,23,0,0,32,1,2,43,2,2,31,4,4,36,3,7,60,0,3,60,4,15,60,1,8,60,3,4,60
0,0,7,1,1,21,2,2,18,0,0,20,1,2,38,2,2,27,1,4,37,3,6,60,1,1,58,4,12,60,4,6,60,1,4,60
0,2,7,0,2,12,1,1,18,0,15,32,1,2,19,0,3,12,0,1,3,2,7,47,0,10,30,7,34,60,1,8,57,0,3,60
0,1,5,0,1,4,0,3,12,3,3,24,0,3,9,0,2,7,0,0,0,2,6,22,2,4,18,4,11,60,0,3,27,0,1,27
2,2,15,1,2,29,0,2,39,1,19,60,1,5,58,2,6,59,1,3,60,7,14,60,5,11,60,9,34,60,9,25,60,2,10,60
1,2,15,1,2,27,1,2,39,1,16,60,1,5,59,3,5,55,1,3,60,5,14,60,3,11,60,13,31,60,7,22,60,2,5,60
1,1,9,0,4,19,0,10,30,6,12,60,1,4,37,0,2,9,0,0,7,0,7,50,4,7,56,3,17,60,4,16,60,1,18,60
1,2,10,4,5,21,3,8,39,3,14,60,1,5,42,0,2,13,0,1,14,5,13,60,9,14,60,8,29,60,23,30,60,11,13,60
0,0,3,1,1,6,1,2,12,1,14,20,5,11,18,0,0,1,0,0,0,1,2,16,0,1,24,7,21,60,0,5,37,0,1,8
0,2,5,0,2,10,2,5,22,3,14,44,2,7,28,0,1,4,0,0,1,3,11,29,0,8,34,4,28,60,6,26,60,0,6,28
1,4,5,3,10,12,1,6,8,4,31,38,8,20,33,0,3,28,0,16,27,3,18,27,3,20,41,9,36,60,11,43,60,6,21,60
1,2,5,3,12,28,0,4,11,0,10,29,2,11,29,0,19,33,5,43,60,3,16,18,7,18,46,5,18,44,5,15,45,11,26,60
0,1,2,1,6,19,5,14,16,1,2,6,3,10,16,1,8,13,0,6,6,7,23,36,4,17,24,2,56,60,9,30,43,1,17,31
0,2,3,3,13,16,2,4,10,5,10,17,3,11,17,7,27,28,1,25,28,5,19,22,1,30,35,9,26,60,8,13,23,22,40,48
1,4,6,1,2,6,3,6,10,2,18,25,3,12,17,30,55,60,6,13,32,10,21,36,3,26,40,10,44,60,9,42,60,19,49,60
1,1,9,0,0,19,1,5,20,1,11,27,0,3,16,0,1,9,0,1,18,2,6,54,2,5,59,5,27,60,1,5,60,13,15,60
0,1,6,0,1,10,0,1,14,0,9,34,1,2,12,1,2,7,0,1,18,1,8,40,0,7,40,5,19,60,4,10,53,0,12,60
0,0,7,0,0,10,0,1,14,0,8,34,1,2,10,0,1,7,0,0,17,1,4,37,0,0,42,4,14,60,1,5,49,0,0,60
0,3,5,0,3,7,0,3,6,20,28,31,1,10,16,1,15,28,3,10,25,5,28,35,7,35,51,13,48,60,9,33,53,11,28,60
0,1,6,0,1,10,0,1,14,0,9,34,1,2,12,1,2,6,0,1,13,2,7,37,0,7,39,3,18,60,3,9,53,0,11,60
1,2,7,3,4,13,2,3,17,1,9,34,0,1,12,2,5,6,1,1,13,6,10,49,9,11,39,8,30,60,6,17,56,12,12,60
0,1,7,0,1,14,2,5,22,0,0,57,0,2,27,0,1,9,2,11,47,1,10,60,2,11,60,16,34,60,1,7,60,2,5,60
1,3,7,1,3,8,3,7,9,2,24,37,3,9,16,8,60,60,3,13,40,7,20,40,12,35,47,13,46,60,7,37,60,10,40,60
0,2,7,0,1,14,2,5,19,0,0,60,0,2,23,1,1,7,8,11,45,4,12,60,3,12,58,10,36,60,2,8,60,2,5,60
2,4,5,6,11,14,5,9,15,1,21,22,4,12,19,4,15,45,0,11,26,3,11,23,10,18,23,7,32,54,11,37,49,6,31,52
2,3,5,4,4,9,2,7,10,1,25,44,4,18,30,0,1,7,5,11,28,6,17,29,8,21,39,10,40,60,10,34,60,8,18,46
0,3,4,2,13,27,3,9,14,1,13,16,3,14,32,1,14,27,2,9,27,7,24,35,13,33,43,23,47,60,6,24,44,5,37,50
1,1,2,0,4,6,1,3,7,1,13,15,1,2,7,0,7,13,0,6,9,1,6,13,4,11,15,8,35,59,2,16,35,0,8,22
0,1,3,1,2,3,1,2,3,0,1,23,0,4,7,0,1,4,3,7,8,11,18,25,1,16,29,3,18,45,2,13,28,1,10,20
0,0,12,0,1,21,0,2,24,0,12,32,0,4,19,0,0,13,0,1,36,1,2,60,0,2,60,6,22,60,0,3,60,0,18,60
0,4,4,1,2,7,1,5,10,21,30,35,4,8,16,7,21,60,2,10,34,4,19,38,10,37,56,20,50,60,11,40,60,4,45,60
1,2,6,1,2,11,3,4,19,5,16,33,1,2,12,0,1,7,2,3,31,7,14,55,5,11,43,10,25,60,10,22,60,6,12,59
0,2,7,0,2,10,0,5,17,1,13,34,1,2,10,0,2,7,0,3,29,4,13,46,0,13,47,4,27,60,1,21,52,1,16,60
0,0,9,0,2,17,2,3,29,1,2,35,0,0,22,0,0,24,0,7,36,0,6,60,1,3,60,2,24,60,1,6,60,3,5,60
0,0,12,0,1,23,0,1,31,0,13,35,0,4,20,0,0,20,1,2,37,1,3,60,0,1,60,5,24,60,1,5,60,0,22,60
0,2,6,1,3,11,1,3,14,0,1,31,0,0,10,1,3,6,0,0,8,2,5,41,0,7,36,10,29,60,4,11,52,1,5,60
0,2,6,0,1,9,1,3,17,2,2,43,1,3,17,0,1,5,0,9,20,3,9,36,1,11,45,10,26,60,3,6,58,0,4,19
0,0,7,1,2,15,2,6,25,2,9,47,3,7,30,0,1,5,0,0,4,3,11,38,3,3,47,4,31,60,7,24,60,2,6,39
1,2,10,0,3,18,1,5,31,0,10,60,1,3,42,0,1,12,0,0,8,1,4,53,4,7,60,4,21,60,5,10,60,1,16,60
0,2,11,3,4,23,3,6,47,12,60,60,4,7,57,0,3,24,1,3,20,3,6,60,1,10,60,10,36,60,7,8,60,0,4,60
1,2,4,1,10,13,3,7,12,0,16,27,6,20,34,1,4,5,0,5,12,6,11,28,5,19,30,10,42,60,22,50,60,18,27,35
0,0,0,0,0,3,1,1,7,0,0,6,0,0,5,1,2,3,0,1,3,0,1,13,0,0,0,0,4,31,0,3,19,0,0,1
0,1,7,1,2,14,2,6,25,2,7,47,3,6,30,0,1,5,0,0,4,2,10,38,3,4,46,4,31,60,5,24,60,2,6,39
1,2,4,3,10,11,2,3,10,2,5,8,2,6,13,0,15,26,0,25,33,2,12,22,0,11,22,11,36,58,5,15,37,3,11,21
0,2,3,1,7,10,3,4,6,11,20,25,2,8,11,2,15,20,1,19,30,4,14,27,2,13,23,7,35,57,10,21,37,22,28,31
1,3,7,2,4,18,0,4,21,0,0,18,0,1,28,0,1,7,0,0,20,1,7,53,7,18,50,9,26,60,2,8,54,1,6,54
0,1,7,2,6,15,2,3,22,0,0,30,2,2,29,1,1,7,5,7,18,5,5,42,2,10,45,9,24,60,5,8,53,0,3,60
1,2,7,0,3,12,4,7,11,2,7,12,3,10,17,2,19,31,6,25,43,3,17,30,6,19,34,8,39,60,11,31,51,7,18,33
0,0,0,0,1,6,1,3,4,0,0,1,0,1,2,0,0,1,0,5,12,0,7,15,1,1,5,6,25,44,1,10,14,0,5,7
1,3,7,2,6,18,1,4,24,0,0,22,0,3,29,0,2,7,0,3,20,1,6,51,9,21,50,11,32,60,2,11,55,1,6,60
0,3,6,2,4,9,0,7,13,0,13,21,5,15,25,1,26,41,2,30,44,4,21,37,2,17,37,12,27,60,12,57,60,9,60,60
1,2,5,1,6,13,3,8,14,2,3,7,2,9,15,5,11,22,0,3,32,8,16,26,3,13,26,10,42,60,11,31,45,8,17,34
1,2,7,1,3,12,4,6,18,1,10,47,2,3,18,0,0,8,0,4,33,4,11,55,2,10,56,8,37,60,4,13,60,4,6,58
1,2,7,0,2,15,1,1,24,0,14,34,0,2,15,1,2,9,0,5,31,2,12,55,4,15,44,9,19,60,5,20,60,2,17,60
1,2,7,3,4,13,2,3,17,1,9,34,0,1,12,2,5,6,1,1,13,6,10,49,9,11,39,8,30,60,6,17,56,12,12,60
1,2,8,0,2,19,0,5,20,1,2,24,2,3,17,0,1,9,0,1,17,3,8,55,2,9,55,6,23,60,4,6,60,15,15,60
0,1,5,0,1,7,1,4,16,1,1,32,1,1,14,0,2,8,0,0,3,1,4,31,1,1,26,13,27,60,4,13,34,8,14,58
0,0,2,0,1,6,0,0,18,0,3,45,0,3,22,0,1,6,0,0,7,2,6,37,0,0,16,3,19,60,0,6,50,0,1,60
0,0,5,0,2,16,2,8,22,0,2,52,0,4,29,0,2,11,0,5,19,3,16,47,0,4,37,6,23,60,5,25,60,29,31,60
1,2,6,1,1,16,1,5,23,2,2,51,0,3,28,2,3,16,4,5,22,4,12,60,10,14,46,11,24,60,6,24,60,1,28,60
0,0,4,0,1,14,3,10,22,1,4,46,2,7,28,1,2,8,2,5,14,12,18,49,0,0,33,7,23,60,8,22,60,3,51,60
0,1,17,0,1,25,2,9,44,29,60,60,8,20,60,1,2,52,2,4,57,1,12,60,4,13,60,10,39,60,7,41,60,1,18,60
1,3,7,3,4,5,1,8,14,5,14,44,2,9,19,4,11,32,2,8,21,12,37,44,9,29,46,11,35,56,11,50,60,8,51,60
1,2,7,0,1,8,1,5,11,2,8,19,2,11,25,13,28,42,4,20,56,3,17,37,3,21,48,3,29,58,19,45,60,19,60,60
1,4,15,1,4,27,0,6,37,3,34,60,0,11,60,4,9,60,3,6,60,9,29,60,6,20,60,8,34,60,16,40,60,4,16,60
2,2,15,1,2,27,1,2,38,1,19,60,1,5,58,3,5,57,1,3,60,5,14,60,5,11,60,10,32,60,7,23,60,2,5,60
0,2,3,5,5,11,1,7,8,2,3,5,2,9,11,1,9,20,0,0,24,4,8,22,0,6,15,11,35,60,11,20,31,3,13,18
1,3,6,0,9,10,2,7,9,4,23,28,4,11,16,4,21,31,7,30,39,5,23,35,7,28,40,10,34,57,13,29,56,3,52,60
1,2,15,0,3,25,0,3,33,5,18,60,1,4,55,2,8,60,2,4,60,5,21,60,7,12,60,10,33,60,9,28,60,2,26,60
0,0,2,1,5,5,0,4,7,1,3,3,2,5,8,0,7,8,0,0,0,0,6,11,0,0,4,5,28,42,0,13,26,0,6,12
0,1,6,2,4,15,3,3,23,0,0,20,2,2,27,0,1,6,0,7,15,2,6,39,2,13,42,8,26,60,5,9,48,0,3,60
1,4,7,2,6,18,2,4,24,0,0,31,0,3,29,0,2,6,0,5,19,1,4,51,9,22,50,9,35,60,3,11,51,2,5,56
0,2,3,3,7,9,4,9,11,3,6,9,0,12,19,2,7,13,1,7,20,11,25,31,4,7,22,10,48,60,11,41,60,16,45,54
0,1,9,4,4,19,0,3,25,0,0,17,0,2,22,0,0,15,0,0,33,0,2,57,1,8,60,7,23,60,0,8,60,0,1,60
0,4,4,3,6,8,4,7,10,4,15,47,4,15,22,7,33,46,5,39,44,6,24,34,6,27,48,6,45,60,13,49,60,10,60,60
1,3,4,1,6,12,2,8,11,2,4,7,1,10,14,4,14,23,0,9,32,5,18,24,2,9,25,9,40,60,11,26,37,5,17,23
0,0,12,0,0,17,0,2,15,0,2,43,0,2,27,0,1,31,0,0,38,1,4,51,0,0,60,3,14,60,0,5,60,0,2,60
0,2,4,2,7,10,3,7,12,3,8,16,4,13,21,3,7,29,2,12,27,8,24,34,3,12,30,10,38,60,19,46,60,22,50,60
1,1,4,0,4,8,1,6,10,5,8,11,2,9,18,6,10,13,1,8,20,9,21,35,3,11,20,9,27,60,10,40,60,5,33,50
0,0,11,0,1,18,0,2,19,2,6,46,2,3,31,0,2,38,0,0,39,3,4,60,0,1,60,5,15,60,1,6,60,0,10,60
1,5,5,4,5,8,2,6,14,1,17,32,4,15,27,0,8,12,1,14,39,1,16,33,7,29,43,7,42,60,4,37,60,3,42,60
1,2,12,0,1,25,0,1,37,0,9,60,1,2,48,0,4,40,0,1,44,3,8,60,3,9,60,11,27,60,5,10,60,1,4,60
1,4,6,4,6,10,2,6,10,5,18,33,6,13,26,1,5,17,0,21,37,3,16,33,7,24,39,10,42,60,11,37,60,6,27,60
1,3,6,1,4,7,2,7,12,4,15,29,5,10,18,11,36,45,19,34,47,9,23,29,9,32,54,11,28,60,10,53,60,24,60,60
1,4,6,1,4,7,1,9,14,2,12,29,3,11,19,4,29,36,2,22,33,4,23,44,9,34,50,8,36,60,13,41,60,39,60,60
1,2,16,1,1,28,3,10,44,10,44,60,5,15,60,0,5,60,2,5,60,6,22,60,5,20,60,12,44,60,20,40,60,7,22,60
0,1,6,0,3,17,0,3,20,0,2,26,3,5,24,0,3,15,0,1,23,0,6,52,1,12,47,8,20,60,3,16,60,22,26,60
0,1,5,0,2,17,0,2,21,0,2,26,3,5,23,0,2,15,0,0,23,0,5,52,1,10,48,8,20,60,2,13,60,21,26,60
0,0,3,0,1,12,1,6,21,3,5,54,2,8,24,0,2,8,2,5,10,3,14,46,0,0,26,6,13,60,1,16,60,0,6,60
1,4,6,0,3,11,0,4,15,1,3,31,1,2,17,3,4,10,0,0,3,6,10,38,6,13,29,9,42,60,6,13,41,2,11,60
0,2,5,0,3,15,2,3,24,0,2,42,2,5,27,0,4,16,0,5,25,1,9,53,8,21,42,5,38,60,15,27,60,25,30,60
0,1,5,0,2,15,2,6,23,1,1,50,0,4,32,1,2,15,0,4,21,3,12,54,4,17,39,12,35,60,5,33,60,28,35,60
1,1,13,1,1,23,2,2,27,0,11,60,1,3,37,0,0,37,1,4,58,3,8,60,3,5,60,9,22,60,5,10,60,2,5,60
0,0,12,1,2,27,1,2,37,2,4,38,1,3,27,0,0,21,1,2,38,2,3,60,1,3,60,5,16,60,2,7,60,5,23,60
1,2,6,2,4,8,1,7,10,6,32,46,3,11,21,7,24,37,3,21,38,4,18,33,9,37,55,17,52,60,11,46,60,6,41,60
1,1,9,0,0,19,1,5,19,1,11,29,0,3,17,0,1,10,0,1,18,2,6,57,2,5,59,4,27,60,1,5,60,2,17,60
0,2,8,0,1,15,1,4,21,0,7,60,1,3,28,0,1,8,2,11,44,3,12,60,1,11,60,11,32,60,3,12,60,4,6,60
0,4,9,3,11,25,1,7,11,1,10,24,3,15,24,49,60,60,15,33,60,3,13,34,3,29,58,9,42,60,8,35,60,12,50,60
0,1,10,1,2,22,0,2,30,1,18,34,3,4,18,0,2,11,0,3,35,0,8,60,0,8,60,3,17,60,5,14,60,14,31,60
1,1,9,0,2,18,0,2,26,0,10,34,0,5,19,1,2,10,0,5,35,2,12,60,4,9,55,4,21,60,3,19,60,1,33,60
1,1,9,0,2,18,0,2,26,0,10,34,0,5,19,1,2,10,0,5,35,2,12,60,4,9,55,4,21,60,3,19,60,1,33,60
1,1,9,0,2,18,0,2,26,0,10,34,0,5,19,1,2,10,0,5,35,2,12,60,4,9,55,4,21,60,3,19,60,1,33,60
0,2,8,1,2,20,0,4,22,5,8,36,1,1,16,0,1,16,3,4,38,3,12,60,4,12,56,5,27,60,8,19,60,5,11,60
0,2,12,1,2,21,0,4,27,13,20,60,1,6,50,0,5,57,0,3,60,1,13,60,2,12,60,6,29,60,0,28,60,19,27,60
2,3,4,1,4,8,2,11,15,0,4,5,3,12,13,7,13,17,1,5,16,10,19,27,5,16,23,15,45,60,13,37,47,8,30,36
0,4,5,1,6,7,4,8,10,3,15,25,4,14,22,5,33,45,4,36,43,6,24,34,4,29,42,8,43,60,13,49,60,10,60,60
2,3,3,1,4,8,2,11,15,0,4,5,4,11,13,7,13,14,1,5,13,9,20,24,6,16,21,16,46,60,14,37,46,8,32,34
0,1,2,4,5,7,3,6,10,1,2,5,2,3,10,1,2,7,1,2,6,4,15,24,0,11,16,7,34,56,11,19,39,4,19,36
0,3,5,1,10,11,2,6,13,2,7,30,4,14,20,0,10,11,1,15,20,5,20,30,3,19,31,18,42,60,5,40,60,15,47,60
0,2,4,5,10,11,1,6,8,2,3,6,2,7,12,1,11,21,0,1,31,4,10,22,0,6,17,11,33,60,10,19,29,3,13,18
0,1,2,1,5,6,3,5,9,1,1,4,2,3,8,1,1,7,1,1,6,4,15,24,0,8,16,7,31,54,11,17,38,3,18,28
2,3,4,0,8,14,2,10,13,2,21,33,5,27,37,0,3,5,2,9,15,7,20,26,7,23,39,6,39,60,16,50,60,19,28,49
1,2,2,2,3,6,2,5,13,14,60,60,4,13,23,1,5,6,3,6,9,2,6,15,5,14,21,7,41,60,22,36,55,7,12,21
0,1,11,1,7,22,4,10,35,4,19,60,1,7,36,0,3,13,0,1,10,3,14,60,0,11,59,7,30,60,8,31,60,2,13,60
0,0,9,1,2,18,1,3,30,1,12,48,1,6,35,1,1,8,0,0,5,4,12,56,0,3,58,7,30,60,3,17,60,3,5,44
1,2,10,0,6,23,2,9,39,0,6,60,0,5,46,1,2,14,1,2,15,6,15,60,3,12,55,12,36,60,14,34,60,2,13,60
0,1,5,0,1,6,1,2,15,0,2,43,1,3,16,0,1,3,0,7,17,2,9,33,0,9,37,6,24,60,1,4,52,0,0,20
1,3,5,0,4,7,3,3,9,5,19,22,3,7,15,6,36,46,1,8,15,6,17,32,3,15,30,15,42,60,12,30,46,17,30,53
1,2,4,0,3,4,1,7,8,2,23,34,6,9,13,1,36,60,2,13,18,8,32,41,13,25,40,10,39,60,7,30,60,8,33,60
0,4,9,3,11,25,1,7,11,1,10,24,3,15,24,49,60,60,15,33,60,3,13,34,3,29,58,9,42,60,8,35,60,12,50,60
2,4,8,3,17,31,1,7,14,3,11,33,4,18,30,15,60,60,15,39,60,2,21,34,4,26,54,13,38,60,8,46,60,17,47,60
1,3,5,1,2,6,2,5,9,3,26,33,5,10,12,5,25,60,2,12,21,6,24,42,12,35,48,12,46,60,11,38,60,8,34,60
0,1,2,1,8,20,2,12,16,1,3,8,3,11,17,1,6,13,0,6,6,9,24,35,3,17,25,1,52,60,9,28,47,0,17,30
0,4,7,8,15,25,5,10,12,3,11,23,9,18,23,3,20,60,4,37,56,6,15,26,2,19,40,9,30,54,9,37,52,7,43,60
1,3,6,2,4,7,2,7,10,5,22,28,5,12,18,12,34,46,14,33,51,8,20,30,5,34,51,13,31,60,14,46,60,14,60,60
0,1,10,0,0,21,0,2,25,1,11,31,0,2,16,0,0,13,0,1,33,1,4,60,0,4,60,6,24,60,0,6,60,0,19,60
1,5,7,2,9,20,0,10,16,5,21,28,2,14,28,37,60,60,9,28,44,4,20,35,3,20,49,11,42,60,9,46,60,19,51,60
0,2,6,0,3,13,3,5,20,1,10,48,0,3,18,0,0,7,1,3,33,4,13,52,2,9,51,10,33,60,6,16,60,5,9,57
0,4,6,1,13,23,1,3,6,2,22,41,0,16,32,42,60,60,1,30,56,3,12,21,5,38,56,11,39,60,7,50,60,8,33,60
0,4,4,1,4,10,2,6,12,3,21,44,2,11,22,4,24,57,3,25,40,4,18,30,4,33,53,8,48,60,10,51,60,4,38,60
1,2,7,3,16,31,0,6,9,0,19,26,3,14,32,1,20,36,13,44,60,7,16,18,8,31,49,7,22,50,5,27,47,11,32,58
0,0,1,1,3,7,0,8,11,0,2,2,1,3,6,4,4,6,1,1,3,4,11,26,0,3,9,8,33,53,7,16,23,6,9,11
0,1,1,1,6,8,4,11,12,1,2,2,1,5,7,4,6,9,1,3,6,6,19,29,0,10,16,7,35,60,9,20,27,7,10,19
0,1,5,0,2,8,2,4,18,9,17,30,2,14,24,0,1,3,0,0,0,2,9,22,0,7,28,7,17,60,10,19,49,1,1,24
0,0,9,1,2,18,1,3,31,1,11,48,1,7,36,0,1,8,0,0,5,5,12,56,0,3,60,8,29,60,5,17,60,3,5,45
1,2,10,0,6,24,2,11,38,1,5,60,0,6,43,1,2,13,1,1,16,4,15,60,2,12,57,11,37,60,14,34,60,2,13,60
1,2,3,0,2,4,3,10,16,11,20,42,2,15,25,2,4,6,2,7,13,2,16,29,5,15,25,19,52,60,14,60,60,7,31,40
1,3,16,1,1,29,3,10,43,7,44,60,7,16,60,0,6,60,2,5,60,6,21,60,5,20,60,13,43,60,16,44,60,7,22,60
2,4,7,0,4,7,2,5,12,4,8,19,0,11,25,14,31,40,7,23,38,4,20,36,11,28,49,4,27,55,18,48,60,44,60,60
2,3,20,1,2,34,4,10,42,4,23,60,4,14,60,1,7,60,2,6,60,6,22,60,7,24,60,10,41,60,9,45,60,8,36,60
1,3,17,1,2,26,2,5,42,4,34,60,1,11,60,2,6,60,1,5,60,7,20,60,4,14,60,3,33,60,8,38,60,3,13,60
1,3,7,1,4,6,2,9,14,5,16,33,2,13,18,4,11,35,1,8,30,6,29,49,9,29,52,11,32,60,11,52,60,8,60,60
0,1,5,0,1,14,1,8,22,1,4,44,2,6,28,0,3,11,2,8,17,10,25,52,0,6,36,5,29,60,8,24,60,2,56,60
1,1,8,0,5,21,1,2,22,0,10,47,0,2,29,4,7,44,2,9,33,3,7,60,3,7,60,10,21,60,3,8,60,1,5,60
0,0,0,1,1,7,1,1,7,0,0,4,1,1,8,1,1,11,0,0,8,2,2,25,0,0,10,0,0,35,1,3,21,0,1,42
0,2,5,2,5,20,1,2,17,2,10,45,1,6,22,3,7,18,4,9,25,3,8,46,2,14,44,6,26,60,6,17,60,3,28,60
0,2,7,0,3,12,1,2,17,0,10,32,1,2,19,0,3,12,0,1,3,2,8,46,0,10,32,8,37,60,1,10,58,0,4,60
0,0,6,1,1,21,1,2,18,0,0,22,1,2,36,2,2,29,1,4,36,5,6,60,1,2,56,7,13,60,4,6,60,2,4,60
1,1,4,2,2,4,1,3,7,1,4,36,1,2,12,1,1,1,0,0,3,2,6,15,1,1,7,5,14,42,6,7,22,1,6,18
0,0,5,0,1,14,2,8,22,1,5,47,2,5,29,0,3,11,2,8,17,11,24,52,0,2,35,4,24,60,11,24,60,3,52,60
0,0,4,0,1,11,1,2,20,1,5,47,0,5,24,1,1,8,0,2,11,3,11,50,0,1,26,9,22,60,6,8,60,1,34,60
0,0,2,0,1,6,1,1,14,0,0,20,0,0,11,0,0,1,0,0,13,0,0,18,8,9,24,1,6,60,0,1,27,0,0,10
0,2,7,0,7,12,3,5,22,9,25,35,4,8,23,0,3,13,1,2,13,7,15,58,6,10,43,8,29,60,8,15,60,2,36,60
0,0,4,1,1,12,2,5,22,2,7,47,2,7,23,1,1,8,0,2,11,8,14,51,0,1,27,12,25,60,7,10,60,3,49,60
1,1,5,1,3,7,2,6,14,1,1,27,1,3,11,1,3,7,0,0,2,4,8,28,1,3,22,14,29,60,5,17,30,11,17,50
1,3,7,0,2,11,1,4,17,1,5,32,1,2,17,2,3,11,0,2,3,4,10,41,3,15,31,8,39,60,4,12,51,1,7,60
2,2,8,3,4,20,4,8,24,2,4,25,3,9,33,3,3,10,1,5,19,14,24,60,7,10,48,10,19,60,7,17,60,3,23,60
0,2,5,2,5,17,0,2,17,1,10,31,1,6,21,3,4,15,1,9,26,3,7,47,2,15,43,5,22,60,4,18,60,4,28,60
0,0,4,0,1,14,1,9,22,1,3,46,3,5,28,1,1,10,3,5,16,8,16,49,0,1,33,4,19,60,10,17,60,1,34,60
2,2,6,4,7,11,2,7,22,0,12,34,1,9,27,2,4,12,1,1,13,5,16,57,5,9,44,4,22,60,8,22,60,5,47,60
0,0,5,0,4,10,1,4,21,2,11,50,2,8,24,0,3,10,0,3,13,4,14,53,0,3,33,7,26,60,2,14,60,13,60,60
0,2,7,0,7,12,3,5,20,4,21,34,3,8,22,0,3,13,1,2,13,8,15,57,1,12,43,9,28,60,7,14,60,4,14,60
0,0,0,1,1,6,0,0,9,14,14,23,2,2,11,0,0,2,0,0,3,2,2,18,1,2,11,3,13,60,5,6,22,1,1,51
1,2,6,3,7,11,3,5,22,8,24,35,5,11,26,3,4,11,1,2,13,3,16,59,6,9,44,5,23,60,6,21,60,21,60,60
1,2,5,0,3,15,2,4,24,0,2,46,1,3,31,0,2,16,0,5,25,3,8,50,9,20,41,8,40,60,14,28,60,5,52,60
0,1,5,0,1,5,2,4,13,1,1,26,0,2,10,0,2,7,0,0,2,1,7,25,1,1,22,9,29,60,5,15,30,8,15,40
0,2,16,0,1,31,4,10,43,13,60,60,3,26,60,0,2,55,0,6,60,2,15,60,5,17,60,14,59,60,10,46,60,3,17,60
0,0,11,0,1,20,2,4,34,0,2,50,2,5,44,0,1,13,0,1,11,4,7,60,0,4,60,7,27,60,2,8,60,0,5,60
1,2,10,4,5,21,3,8,40,2,13,60,1,5,43,0,2,13,0,1,16,6,13,60,9,13,59,8,29,60,22,29,60,11,13,60
0,3,7,1,2,10,1,4,23,0,1,55,1,2,29,0,0,10,0,0,3,1,1,35,2,5,36,8,23,60,3,9,60,0,1,53
0,2,11,1,7,25,0,3,41,5,15,60,2,8,41,0,2,15,0,3,13,1,10,60,6,21,60,7,22,60,3,25,60,0,11,60
1,3,5,2,14,26,2,8,14,3,13,19,2,16,33,0,17,30,1,16,26,6,23,32,8,36,45,22,48,60,6,24,43,4,37,52
0,1,4,2,10,12,2,7,14,0,8,18,4,13,27,1,4,8,0,2,5,4,11,27,3,8,27,14,35,60,9,46,60,1,28,37
1,1,2,1,2,8,3,5,8,0,11,27,2,4,6,0,2,4,1,2,2,5,10,22,3,5,20,8,33,54,2,22,38,1,2,12
1,3,7,5,13,24,1,5,9,9,23,28,8,16,26,15,27,31,18,28,43,8,15,22,14,33,57,7,39,60,7,23,35,23,47,60
1,6,8,6,15,36,1,6,7,14,35,43,10,24,43,9,26,31,8,43,57,1,12,26,17,54,60,12,24,60,11,34,48,12,60,60
1,2,6,0,3,12,3,4,20,1,10,48,1,3,18,0,0,7,0,3,33,4,15,51,0,10,51,11,33,60,6,14,60,4,9,57
0,6,6,2,9,16,1,7,11,0,9,27,1,12,22,35,60,60,8,27,38,4,21,31,3,26,55,12,44,60,9,41,60,12,56,60
0,6,6,2,9,16,1,7,11,0,9,27,1,12,22,35,60,60,8,27,38,4,21,31,3,26,55,12,44,60,9,41,60,12,56,60
2,5,10,6,21,32,1,5,11,3,16,31,7,17,31,18,60,60,18,52,60,2,18,28,6,33,56,9,35,60,13,40,60,9,49,60
1,2,4,1,2,6,1,3,5,19,22,28,0,7,14,2,6,13,2,13,23,5,22,31,8,23,45,7,34,59,7,22,37,7,31,42
1,2,6,0,1,12,1,4,19,0,2,44,1,3,20,1,1,5,7,10,26,6,12,50,7,12,48,10,34,60,3,8,60,0,3,25
0,0,12,0,1,21,0,2,26,10,12,34,1,4,17,0,0,13,0,1,34,1,2,60,0,2,60,9,22,60,0,3,60,2,18,60
0,1,1,2,4,6,2,4,9,1,3,14,2,3,7,0,2,9,1,6,10,1,6,9,2,8,13,7,25,50,5,15,21,2,5,15
0,0,0,1,3,4,3,7,9,0,1,2,1,3,4,1,4,5,0,1,1,5,11,18,0,2,5,6,27,46,5,15,20,4,8,9
1,5,6,4,18,27,3,11,14,4,13,27,4,22,26,1,60,60,3,40,57,2,21,34,1,19,38,10,38,60,7,46,60,13,53,60
1,2,4,4,12,15,4,8,14,1,3,14,2,12,19,3,10,18,0,11,20,0,15,30,3,16,24,2,19,49,2,25,41,2,15,30
2,6,8,4,23,31,3,6,12,5,12,31,6,20,28,4,58,60,12,49,60,5,17,23,3,36,54,11,37,56,6,40,60,8,50,60
0,0,10,1,1,20,0,2,34,0,1,49,1,3,44,0,0,13,0,4,11,3,9,60,0,4,60,5,18,60,1,4,60,0,4,60
0,0,9,0,2,19,3,5,35,1,8,49,3,7,38,1,1,10,0,0,7,1,7,60,2,7,51,8,26,60,3,16,60,0,2,60
1,2,5,3,11,14,2,8,13,2,12,30,8,26,36,1,3,4,2,3,13,6,15,27,6,22,36,7,45,60,19,45,60,17,25,47
1,3,7,2,4,18,0,5,21,0,0,18,0,1,28,0,1,9,0,0,20,1,10,54,8,18,50,9,27,60,2,9,60,1,5,55
0,1,5,0,1,12,0,4,13,1,4,23,3,15,20,1,2,4,0,3,11,3,6,22,2,4,37,10,26,60,3,7,29,0,2,8
0,2,3,1,1,5,1,3,7,0,23,25,3,6,10,0,2,17,4,7,10,13,21,33,7,23,27,5,27,53,5,23,38,2,19,34
0,6,6,2,5,14,1,7,13,3,10,28,2,11,23,41,60,60,9,26,35,5,21,30,1,26,51,8,45,60,12,42,60,18,55,60
0,2,7,2,4,19,1,4,20,0,10,32,0,3,13,0,4,6,0,1,19,2,7,55,2,11,46,5,24,60,4,13,60,0,30,60
1,2,4,0,3,4,1,7,8,2,23,37,7,9,13,2,35,60,2,13,19,8,32,41,13,26,40,9,39,60,8,31,59,9,32,60
1,2,7,1,2,12,4,5,17,2,9,39,2,3,17,0,0,8,0,4,32,3,11,50,2,8,52,8,37,60,3,11,60,3,5,57
1,2,7,1,3,13,1,2,19,9,9,34,1,1,12,2,5,6,1,1,21,5,10,50,7,13,41,8,24,60,9,17,55,10,13,60
0,0,0,3,6,18,1,3,23,0,0,60,2,7,20,11,21,52,6,24,60,5,10,44,0,4,18,7,30,60,2,16,60,10,37,60
0,0,12,0,1,23,0,1,31,0,13,35,0,4,20,0,0,20,1,2,37,1,3,60,0,1,60,5,24,60,1,5,60,0,22,60
1,3,6,1,13,21,1,5,7,2,18,34,0,17,30,24,60,60,8,28,40,2,14,24,7,26,57,11,42,60,11,40,60,13,32,59
0,1,6,0,1,7,1,2,17,0,2,43,1,3,17,0,1,4,0,9,17,2,9,33,1,10,42,7,25,60,1,4,52,0,2,20
1,2,7,0,3,10,3,5,21,4,10,45,0,3,16,0,0,7,1,3,32,3,12,53,3,8,50,9,30,60,7,17,60,4,10,57
0,1,5,0,1,4,1,3,12,2,3,24,0,3,9,0,2,7,0,0,0,2,5,22,2,4,18,5,9,60,0,3,26,0,1,28
1,3,7,0,2,11,1,3,18,0,5,32,1,2,17,2,3,11,0,2,3,3,10,40,4,13,31,12,32,60,2,12,51,1,6,60
0,1,5,0,1,4,1,3,12,2,3,24,0,3,9,0,2,7,0,0,0,2,5,22,2,4,18,5,9,60,0,3,26,0,1,28
0,0,4,0,1,11,2,6,22,1,8,55,2,11,27,0,2,8,0,4,12,5,20,52,0,1,29,8,28,60,4,15,60,8,60,60
0,0,2,1,1,7,0,1,19,0,2,45,2,4,20,0,1,6,0,0,9,2,7,40,0,0,14,6,19,60,2,8,53,1,2,60
1,3,7,0,7,12,4,5,21,4,25,35,4,8,24,0,3,12,0,2,13,7,16,56,5,12,42,7,25,60,10,15,60,6,31,60
0,2,7,0,7,12,3,5,20,4,21,34,3,8,23,0,3,13,1,2,13,8,15,57,2,12,43,8,27,60,7,14,60,4,15,60
1,2,6,1,1,15,1,5,24,1,2,55,0,2,30,2,3,17,4,4,23,4,13,60,12,18,44,11,27,60,6,31,60,2,56,60
1,2,4,2,2,4,3,3,7,1,12,36,1,2,12,1,1,1,0,1,3,3,7,16,1,2,7,4,15,40,5,9,22,0,6,18
1,4,6,1,7,8,1,8,14,2,21,27,1,10,21,5,23,39,8,26,43,5,18,29,8,34,54,10,33,60,13,43,60,11,60,60
0,2,5,1,1,5,4,13,16,12,33,60,6,17,29,1,3,4,3,12,19,6,18,28,6,22,35,21,55,60,13,60,60,7,26,47
1,4,6,0,6,11,2,7,14,6,27,39,1,28,42,0,0,1,5,12,17,6,20,32,6,26,38,7,42,60,12,47,60,7,35,59
1,3,17,0,3,24,2,8,44,13,46,60,4,15,60,2,9,60,3,6,60,8,25,60,4,20,60,8,29,60,18,40,60,8,17,60
2,3,7,0,3,7,1,5,12,4,7,17,1,10,25,14,29,47,6,24,52,5,20,36,8,27,48,4,29,52,19,50,60,43,60,60
0,3,16,1,4,28,2,7,39,4,24,60,0,10,60,3,10,60,3,7,60,9,35,60,3,21,60,11,36,60,15,42,60,3,59,60
0,2,4,0,2,4,2,5,9,3,5,9,0,6,13,4,9,19,3,7,27,4,19,29,2,17,27,8,42,60,10,29,46,3,16,34
1,2,4,4,11,11,2,6,9,2,3,8,2,9,14,3,13,22,0,15,32,4,16,24,1,7,25,9,32,60,11,24,38,5,16,22
1,3,7,0,9,10,0,6,11,3,20,30,3,10,16,5,23,42,2,29,47,8,25,38,7,30,49,10,32,53,10,39,60,6,60,60
1,2,3,5,10,11,0,5,7,2,17,24,0,9,14,2,15,18,0,25,34,1,13,19,2,11,22,7,39,53,1,18,32,1,26,35
0,1,7,0,1,21,2,8,21,1,1,30,3,6,25,2,4,35,0,2,54,1,11,46,0,4,47,14,38,60,6,18,60,0,16,46
1,2,4,0,1,8,1,7,9,3,9,11,2,9,19,4,12,15,1,12,24,3,18,33,2,16,22,7,28,60,7,35,60,4,38,52
1,3,7,2,4,18,0,4,21,0,0,18,0,1,28,0,1,7,0,0,19,1,7,52,7,18,50,9,27,60,2,8,53,1,6,54
0,2,8,0,2,20,3,8,22,0,2,34,2,7,26,3,8,38,0,1,53,1,12,43,0,5,46,8,37,60,4,21,60,0,22,60
1,3,7,1,4,6,4,9,15,3,16,33,2,12,20,4,9,34,1,8,30,5,26,49,8,30,55,12,35,60,10,44,60,8,60,60
1,3,6,2,3,6,3,8,12,3,10,18,3,10,18,7,30,47,3,20,38,8,25,40,10,33,52,7,28,59,15,49,60,36,60,60
0,0,3,0,1,12,1,6,21,3,4,53,3,7,23,0,2,8,2,3,10,3,14,45,0,0,26,7,17,60,1,16,60,0,6,60
0,0,5,0,1,11,4,9,24,1,9,47,2,10,26,0,3,8,2,5,12,11,22,51,0,1,34,7,24,60,5,28,60,4,33,60
1,4,8,2,2,18,3,7,12,4,20,26,3,12,21,35,56,60,6,16,31,9,20,30,2,20,45,11,42,60,11,40,60,29,49,60
3,5,7,1,13,19,2,9,16,5,21,27,2,12,28,29,56,60,5,23,38,4,20,33,3,18,35,13,38,60,14,40,60,27,52,60
1,4,7,1,15,24,0,9,16,4,16,28,2,15,29,37,60,60,12,31,49,3,20,37,1,15,54,12,44,60,8,42,60,17,54,60
1,2,7,3,4,19,4,5,20,0,1,16,1,3,16,0,0,9,1,2,19,9,15,55,4,10,52,10,30,60,4,10,60,3,17,60
0,2,8,0,0,14,1,4,23,0,0,60,1,3,28,0,1,9,2,11,45,2,12,60,1,12,60,10,31,60,2,12,60,3,6,60
0,2,7,2,4,19,1,4,20,0,10,32,0,3,13,0,4,6,0,1,19,2,7,55,2,11,46,5,24,60,4,13,60,0,30,60
1,2,7,0,3,10,3,5,21,3,9,43,0,3,13,0,0,7,1,2,31,4,12,52,3,8,49,10,29,60,9,17,60,3,10,58
1,3,5,1,12,18,1,5,7,2,18,33,0,14,28,16,60,60,9,18,36,3,14,25,6,25,56,12,43,60,12,43,60,13,30,58
0,2,3,0,6,10,3,6,14,3,8,13,5,13,20,2,9,25,2,7,23,8,25,34,3,10,25,6,41,60,16,48,60,21,37,60
0,1,1,4,4,6,2,7,11,0,5,7,1,3,10,0,9,9,1,2,13,9,21,29,3,6,11,7,37,60,10,28,45,5,24,35
1,3,15,1,5,28,0,4,36,3,33,60,1,7,60,2,8,60,2,7,60,8,28,60,6,17,60,8,35,60,16,32,60,3,31,60
0,4,5,1,6,7,3,7,13,3,12,20,5,16,23,5,37,42,4,40,46,3,22,36,4,27,42,4,37,60,12,60,60,8,60,60
0,0,10,0,1,18,2,2,26,2,16,60,2,3,37,0,2,43,0,1,45,3,5,60,0,2,60,6,23,60,4,11,60,0,22,60
0,0,2,1,1,4,1,3,7,1,3,22,0,11,17,0,0,3,0,0,8,1,4,11,3,4,18,4,15,52,1,1,15,0,0,3
0,4,4,0,6,9,0,8,12,5,31,34,1,12,22,4,11,22,9,20,27,4,18,32,5,30,44,18,47,60,7,41,60,22,42,60
1,3,7,2,5,18,0,5,21,0,0,18,0,1,28,0,1,8,0,0,19,1,9,53,7,18,50,8,27,60,1,9,56,1,5,55
0,0,9,0,2,18,3,6,35,0,4,50,1,8,39,0,2,10,0,0,7,4,13,60,0,5,58,15,32,60,6,16,60,3,5,60
1,2,11,4,5,24,2,7,39,5,15,60,3,6,37,0,2,12,0,1,13,4,10,60,10,19,60,4,23,60,14,32,60,9,34,60
0,2,10,2,3,17,3,7,33,3,11,60,1,3,45,1,3,13,0,0,11,4,7,53,1,7,60,8,26,60,5,17,60,1,17,60
1,2,10,1,4,17,2,7,31,6,10,60,2,3,42,1,1,10,0,0,5,2,5,47,7,8,60,3,22,60,4,16,60,15,18,47
1,5,7,2,4,18,2,7,13,3,20,27,3,14,23,35,60,60,7,24,35,6,21,29,2,24,45,11,43,60,8,41,60,24,55,60
1,2,6,1,1,11,1,4,19,3,16,33,1,2,12,0,1,7,1,2,31,6,13,51,5,11,46,10,27,60,10,20,60,4,11,58
1,3,4,0,5,13,1,8,13,11,17,21,0,7,10,2,10,31,2,6,12,3,11,17,8,17,20,7,35,60,6,31,42,2,29,40
1,2,5,6,12,16,4,9,14,1,5,22,4,12,18,3,10,16,1,11,24,0,10,28,5,14,30,5,21,47,7,29,47,4,17,38
1,2,5,6,12,16,4,9,14,1,5,22,4,12,18,3,10,16,1,11,24,0,10,28,5,14,30,5,21,47,7,29,47,4,17,38
1,2,5,6,12,16,4,9,14,1,5,22,4,12,18,3,10,16,1,11,24,0,10,28,5,14,30,5,21,47,7,29,47,4,17,38
1,2,5,6,12,17,5,9,13,1,6,21,5,12,18,4,10,17,2,12,26,0,10,27,7,13,27,4,21,46,8,28,48,4,18,38
1,2,5,6,12,17,5,9,13,1,6,21,5,12,18,4,10,17,2,12,26,0,10,27,7,13,27,4,21,46,8,28,48,4,18,38
1,1,3,1,4,6,1,3,8,2,13,15,1,2,7,0,8,13,1,6,8,0,6,14,4,9,18,8,34,60,3,16,35,0,10,22
1,4,5,6,11,15,7,9,15,1,21,22,4,11,19,5,11,45,0,11,28,3,12,25,10,17,27,7,30,52,9,36,49,6,29,52
0,0,2,2,10,16,0,8,17,0,3,6,3,10,22,1,4,4,0,0,0,5,13,22,1,12,22,10,47,60,11,28,46,4,5,25
1,5,6,0,13,17,3,12,14,14,23,24,2,12,21,6,44,60,2,14,38,3,14,29,7,18,28,10,40,60,18,43,60,12,50,60
0,2,3,1,1,5,1,3,7,0,23,25,3,7,11,0,6,22,4,7,11,13,22,36,8,23,29,4,30,60,4,23,39,2,19,37
0,2,3,1,1,5,1,3,7,0,23,25,3,7,11,0,6,22,4,7,11,13,22,36,8,23,29,4,30,60,4,23,39,2,19,37
0,0,7,0,1,15,0,3,18,0,1,14,0,2,13,0,0,8,1,2,19,0,12,52,2,5,48,8,22,60,0,6,56,0,16,60
0,2,3,1,3,4,0,5,6,1,6,20,2,8,10,0,10,39,0,8,16,4,26,29,4,14,24,14,38,58,6,22,39,0,28,41
1,4,5,1,2,13,3,4,9,3,20,23,3,10,16,24,51,60,6,11,21,11,20,35,1,22,35,11,46,60,12,39,54,17,49,55
0,3,7,3,15,22,2,4,9,1,14,38,0,16,29,47,60,60,1,32,59,3,13,27,5,37,55,8,42,60,9,50,60,9,39,60
0,0,13,1,1,23,1,1,29,1,13,34,3,4,20,0,0,16,1,2,38,2,3,60,0,2,60,7,21,60,3,4,60,15,22,60
0,1,7,1,3,18,1,6,19,0,0,16,0,1,16,0,0,9,1,2,18,9,15,50,2,7,47,10,27,60,5,10,56,3,3,53
1,5,6,2,4,18,2,7,13,4,16,28,4,14,22,39,60,60,7,25,34,5,21,28,2,23,45,8,47,60,9,43,60,26,55,60
0,0,0,2,4,6,4,6,12,0,1,2,1,4,7,0,2,5,0,0,1,5,12,23,2,2,5,8,29,44,4,14,30,1,6,11
0,0,2,1,5,11,1,6,11,0,3,13,1,6,11,1,4,9,3,4,10,1,9,18,1,8,24,6,24,42,2,14,26,3,7,13
0,1,2,1,8,20,2,12,16,1,3,8,3,11,17,1,6,13,0,6,6,9,24,35,3,17,25,1,52,60,9,28,47,0,17,30
0,0,7,1,2,14,3,4,23,3,13,45,3,6,29,0,1,4,0,0,4,4,10,33,2,3,46,6,32,60,8,26,60,2,6,30
1,1,9,0,4,19,0,10,30,6,12,60,1,4,37,0,2,9,0,0,7,0,7,50,4,7,56,3,17,60,4,16,60,1,18,60
0,2,9,1,3,15,0,6,26,1,7,46,0,6,29,0,0,6,0,0,3,1,4,38,0,12,50,3,25,60,4,14,60,1,17,40
0,1,12,2,4,22,3,6,47,6,59,60,3,7,55,1,3,23,1,3,19,4,7,60,1,8,60,10,39,60,8,9,60,0,1,60
1,3,6,1,4,11,1,6,12,2,22,32,3,11,15,3,21,39,2,18,38,10,27,45,7,27,46,10,37,55,13,44,60,5,60,60
1,2,8,0,2,7,1,6,12,1,8,19,2,12,25,5,27,41,2,18,53,3,16,35,2,21,48,4,26,52,10,48,60,15,60,60
1,3,21,0,6,39,1,12,44,5,16,60,3,14,60,1,3,60,2,9,60,3,15,60,5,27,60,16,41,60,3,45,60,4,35,60
1,3,6,0,8,15,2,8,22,0,6,43,1,7,28,1,6,12,0,5,17,6,13,60,2,13,45,6,22,60,9,23,60,3,30,60
0,0,5,0,2,16,1,9,22,0,2,54,1,4,29,0,2,11,1,6,19,3,18,52,0,7,37,7,25,60,7,23,60,28,34,60
1,1,6,0,0,4,2,3,14,0,3,24,0,3,12,0,0,8,0,0,2,2,3,24,2,4,20,5,14,60,1,1,36,0,1,36
1,2,6,3,5,17,1,4,19,2,10,40,0,7,23,3,4,13,6,8,24,2,7,45,8,14,44,5,32,60,8,23,60,3,30,60
1,3,7,0,2,11,0,2,18,1,3,31,0,2,17,1,3,11,0,2,4,1,9,40,6,13,32,11,30,60,2,11,49,0,4,60
0,0,5,0,3,9,1,2,19,1,9,49,1,7,24,0,1,10,0,0,13,3,14,55,0,1,34,8,26,60,2,10,60,8,58,60
0,0,3,0,1,12,1,6,21,2,5,54,4,7,22,1,2,8,2,4,11,4,14,46,0,0,26,7,20,60,4,15,60,0,6,60
1,2,6,3,3,7,2,7,16,1,2,30,1,4,14,2,4,9,0,0,3,3,13,31,0,6,29,15,39,60,8,21,37,5,22,60
0,0,4,0,1,15,2,6,23,0,10,60,0,6,30,0,1,11,0,2,19,1,6,47,0,0,45,0,8,60,3,13,60,1,30,60
1,1,4,2,2,4,0,3,7,2,2,36,1,2,12,1,1,1,0,0,3,2,6,15,1,1,7,5,14,40,6,7,22,1,6,18
0,0,4,0,0,16,2,5,23,2,5,59,2,6,28,1,1,8,1,5,14,1,11,48,0,0,38,3,10,60,3,10,60,1,3,60
1,3,5,1,2,6,2,12,16,17,23,38,5,16,37,0,3,4,5,13,15,5,20,32,5,23,36,13,58,60,15,60,60,6,36,47
1,3,5,1,2,6,2,12,16,17,23,38,5,16,37,0,3,4,5,13,15,5,20,32,5,23,36,13,58,60,15,60,60,6,36,47
1,4,7,1,4,7,3,9,14,2,16,32,3,12,20,5,13,35,2,21,29,4,27,43,7,30,54,10,32,60,12,48,60,19,60,60
1,4,6,0,5,7,0,9,12,3,10,19,2,15,24,16,31,44,11,32,46,5,21,37,8,30,41,5,30,58,17,58,60,24,60,60
0,2,4,1,13,25,2,7,16,1,12,16,2,14,34,1,12,24,0,8,26,6,23,35,8,31,41,25,50,60,3,27,44,3,26,51
0,1,12,2,6,21,1,9,42,0,51,60,0,7,48,1,2,18,0,2,17,1,10,60,0,5,60,7,37,60,3,19,60,0,2,60
0,0,9,1,2,18,2,7,32,0,5,50,1,8,37,0,1,8,0,0,5,4,12,58,0,3,60,10,32,60,6,18,60,3,5,60
1,2,11,4,4,21,2,7,41,0,9,60,2,5,39,0,2,15,0,1,15,5,8,60,8,19,60,5,18,60,8,29,60,8,34,60
0,3,7,3,11,24,0,4,8,6,27,42,9,21,37,1,11,49,1,17,33,5,16,22,1,25,59,12,34,60,15,39,60,3,43,60
1,3,4,5,12,15,4,10,13,1,3,16,4,12,18,3,10,17,2,14,22,0,15,31,5,16,27,4,21,48,4,23,45,3,13,41
1,1,1,4,9,10,3,8,14,0,3,11,2,6,13,3,10,16,4,6,7,6,23,32,9,15,21,18,38,60,3,20,31,10,24,43
1,4,6,1,3,7,3,6,9,2,18,23,3,11,14,22,51,60,5,10,22,11,22,36,4,23,39,11,42,60,8,41,51,15,48,60
0,0,9,0,2,21,2,3,28,2,2,35,0,1,20,0,0,24,0,12,36,0,11,60,2,3,60,3,22,60,0,5,60,3,5,60
0,1,12,1,1,24,1,1,30,2,13,35,3,4,21,0,2,15,1,2,37,2,5,60,0,5,60,5,16,60,3,9,60,15,24,60
0,2,7,0,2,10,0,2,18,8,10,34,1,2,12,0,4,7,0,2,27,2,14,47,2,12,39,6,27,60,2,24,56,1,17,60
1,5,7,1,11,25,0,8,13,3,12,29,2,15,27,39,60,60,10,31,45,4,19,37,2,18,52,11,41,60,9,45,60,15,57,60
1,5,7,1,11,25,0,8,13,3,12,29,2,15,27,39,60,60,10,31,45,4,19,37,2,18,52,11,41,60,9,45,60,15,57,60
1,5,7,1,11,25,0,8,13,3,12,29,2,15,27,39,60,60,10,31,45,4,19,37,2,18,52,11,41,60,9,45,60,15,57,60
1,5,7,1,11,26,0,8,13,3,12,29,2,15,27,39,60,60,11,31,45,4,19,37,2,19,52,12,41,60,11,44,60,16,56,60
1,5,7,1,11,25,0,8,13,3,12,29,2,15,27,39,60,60,10,31,45,4,19,37,2,18,52,11,41,60,9,45,60,15,57,60
0,2,3,1,1,5,1,3,7,0,23,25,3,7,10,0,4,24,4,7,12,13,21,35,9,23,28,4,30,55,4,23,40,2,19,37
0,5,7,3,11,22,1,8,11,0,10,28,1,15,23,34,60,60,5,29,47,4,16,33,4,24,53,8,44,60,8,39,60,16,57,60
0,4,5,0,1,6,1,4,9,19,28,31,3,10,13,1,18,53,1,11,28,4,28,40,6,38,50,9,47,60,8,33,58,7,30,60
0,5,8,0,13,20,2,4,11,1,10,30,0,13,26,51,60,60,6,35,47,4,12,27,3,30,54,7,46,60,11,43,60,12,48,60
0,1,2,1,2,4,1,4,9,0,0,2,0,2,6,2,4,9,1,15,21,2,11,24,0,10,15,12,34,59,3,11,27,3,6,27
0,2,3,1,1,5,1,3,7,0,23,25,3,7,11,0,5,21,4,7,11,13,21,36,8,23,29,4,30,60,4,23,39,2,19,37
1,5,7,1,11,25,0,8,13,3,12,29,2,15,27,39,60,60,10,31,45,4,19,37,2,18,52,11,41,60,9,45,60,15,57,60
1,5,7,1,11,25,0,8,13,3,12,29,2,15,27,39,60,60,10,31,45,4,19,37,2,18,52,11,41,60,9,45,60,15,57,60
1,5,7,1,11,25,0,8,13,3,12,29,2,15,27,39,60,60,10,31,45,4,19,37,2,18,52,11,41,60,9,45,60,15,57,60
0,0,1,2,4,7,6,10,12,1,2,2,2,6,8,1,5,7,0,1,5,5,19,26,0,8,17,7,29,60,9,21,30,7,9,18
1,3,5,0,3,7,1,3,6,20,28,30,1,9,16,1,12,26,3,10,25,5,28,34,10,35,53,10,48,60,9,34,52,10,28,58
1,2,5,0,3,4,1,3,8,2,25,29,2,8,14,0,12,49,2,9,23,6,29,37,9,27,45,9,44,60,8,33,48,8,26,55
0,1,11,2,4,22,1,8,44,0,54,60,0,6,49,1,2,20,0,2,17,2,10,60,1,5,60,6,36,60,5,18,60,0,2,60
0,2,8,0,2,17,1,6,26,0,8,47,0,5,31,0,1,6,0,0,5,1,5,45,0,8,51,3,26,60,4,16,60,1,18,44
0,1,10,1,5,21,3,9,37,2,8,60,0,3,46,2,3,14,0,1,12,4,13,60,0,2,60,16,32,60,5,25,60,1,7,60
0,2,10,1,8,23,2,10,38,3,5,60,0,3,44,1,3,13,0,1,14,3,17,60,0,12,60,12,36,60,13,35,60,2,10,60
0,3,12,1,2,19,1,4,24,15,21,60,2,6,51,1,6,59,1,3,60,0,16,60,2,13,60,6,29,60,3,26,60,19,25,60
1,2,4,2,4,4,1,6,12,0,1,2,1,6,7,3,5,15,3,12,17,2,13,23,6,13,20,10,38,60,7,17,34,4,21,28
1,3,5,3,10,11,4,8,11,2,8,32,6,15,20,1,10,16,9,16,24,7,21,33,8,21,35,16,48,60,12,40,60,16,54,60
1,2,5,1,7,12,2,4,7,11,20,25,3,8,14,4,17,22,1,23,35,4,18,29,4,17,29,8,36,55,7,24,38,22,27,34
0,0,10,0,0,15,0,0,14,0,0,27,0,1,19,0,0,27,0,0,31,0,3,36,0,0,43,4,10,60,0,1,60,0,0,54
0,2,4,2,7,11,3,7,12,2,8,14,5,16,21,2,8,26,2,17,25,8,25,34,3,11,25,12,42,60,17,47,60,22,50,60
0,3,3,3,8,10,1,9,12,2,6,8,1,14,16,1,8,12,1,13,17,8,23,34,2,19,21,16,39,60,9,40,56,12,44,56
0,2,7,3,5,18,1,5,20,0,0,16,1,1,18,0,0,9,0,2,19,10,15,53,2,9,47,10,32,60,5,10,59,3,3,54
0,0,13,1,1,23,1,2,27,11,13,33,4,4,18,0,1,13,1,2,37,1,3,60,0,1,60,7,20,60,3,7,60,18,22,60
0,2,3,1,1,5,1,2,7,0,22,26,1,7,10,0,5,15,6,7,10,13,25,34,6,23,34,5,28,60,4,21,38,3,19,30
0,1,7,1,5,18,1,6,19,0,0,16,0,1,18,0,0,9,1,2,18,9,15,50,2,7,47,8,27,60,5,10,56,3,3,52
1,2,8,2,4,21,1,3,20,1,19,32,0,3,14,1,4,6,0,1,22,3,8,56,3,11,47,5,27,60,6,15,60,2,31,60
1,3,5,0,3,7,1,3,6,20,28,30,1,9,16,1,12,26,3,10,25,5,28,34,10,35,53,10,48,60,9,34,52,10,28,58
1,2,7,1,1,9,1,4,18,3,15,33,1,2,10,0,1,7,1,2,30,4,14,47,1,11,46,10,27,60,8,19,60,4,11,57
1,2,8,2,3,18,5,5,20,0,2,25,1,3,16,0,0,9,1,1,20,9,15,54,5,9,56,8,29,60,6,10,60,2,18,60
0,2,7,2,4,19,1,4,20,1,9,32,0,1,12,1,4,6,0,1,17,2,9,55,3,11,46,7,27,60,4,14,60,0,28,60
1,2,9,0,0,19,1,5,21,2,11,26,0,2,17,0,1,9,0,1,18,2,7,55,2,7,58,5,26,60,3,5,60,15,15,60
1,2,9,0,2,18,3,6,20,1,2,25,1,3,16,0,0,9,0,1,16,4,10,55,2,9,57,6,25,60,5,7,60,15,16,60
0,2,9,0,0,21,0,5,24,1,11,31,0,1,16,0,0,12,0,0,32,0,5,60,0,7,60,5,23,60,0,6,60,0,17,60
0,0,3,0,1,12,1,5,21,2,4,54,4,7,22,1,2,8,2,3,11,4,14,46,0,0,26,7,20,60,4,15,60,0,6,60
1,2,7,0,0,11,1,4,18,1,14,32,1,5,14,0,0,11,0,2,10,5,9,49,4,9,41,13,26,60,5,9,59,1,4,60
1,4,6,1,6,6,3,7,16,1,13,27,2,18,25,0,10,19,1,16,42,2,14,40,6,29,50,6,43,60,4,38,60,2,53,60
0,2,6,0,1,5,5,10,17,10,60,60,2,25,35,0,3,6,0,8,21,2,14,24,7,18,38,13,59,60,11,57,60,3,16,39
1,2,16,0,2,28,0,4,37,3,25,60,1,4,60,2,7,60,1,3,60,9,21,60,5,13,60,5,35,60,11,29,60,2,26,60
1,4,6,0,5,7,0,8,13,3,10,18,1,14,22,16,31,45,11,32,46,5,22,40,8,28,41,5,26,56,17,57,60,19,60,60
1,3,5,1,4,8,0,3,9,19,25,31,1,9,17,2,9,14,3,18,23,4,14,34,10,28,44,12,46,60,9,25,47,10,33,47
0,2,5,1,7,10,3,4,6,15,20,23,3,7,11,2,16,22,1,16,29,4,14,28,1,15,27,7,31,54,8,24,41,22,26,32
0,2,9,0,2,20,3,8,22,0,2,28,3,8,29,3,9,38,0,1,56,2,12,48,0,6,47,8,42,60,8,24,60,3,23,60
0,2,3,3,7,9,3,8,12,2,7,10,3,13,20,2,6,14,1,7,22,9,26,33,4,11,22,8,44,60,16,45,60,21,47,60
1,2,5,2,3,5,2,5,10,0,4,5,2,5,11,1,12,17,6,8,20,4,15,32,8,18,26,7,48,60,5,29,48,3,17,41
1,3,6,0,9,10,2,7,9,4,23,28,4,11,16,4,21,31,7,30,39,5,23,35,7,28,40,10,34,57,13,29,56,3,52,60
0,4,6,2,4,7,3,6,8,4,18,27,4,14,20,10,33,46,9,32,49,7,21,30,4,32,50,12,35,60,15,46,60,10,60,60
1,3,8,2,5,5,4,10,12,2,14,29,3,7,21,3,29,39,1,18,31,9,30,46,10,33,53,9,31,55,5,53,60,31,60,60
2,3,6,1,6,7,1,10,16,4,11,39,2,11,29,1,5,15,1,11,30,3,17,38,7,32,45,12,39,60,3,39,60,3,49,60
0,1,5,0,2,17,0,2,21,0,2,26,3,5,23,0,2,15,0,0,23,0,5,52,1,10,48,8,20,60,2,13,60,21,26,60
0,0,4,0,1,12,2,6,22,2,8,55,1,8,24,1,1,8,0,3,12,7,16,51,0,1,27,9,27,60,6,11,60,2,54,60
0,1,6,0,3,17,0,3,20,0,2,26,3,5,24,0,3,15,0,1,23,0,6,52,1,12,47,8,20,60,3,16,60,22,26,60
0,1,5,0,3,13,2,7,22,1,7,41,2,9,27,0,4,8,1,5,12,8,22,52,0,5,35,5,24,60,3,26,60,20,57,60
0,0,4,0,1,12,2,6,22,2,7,54,1,8,24,1,1,8,0,2,12,7,16,51,0,1,27,9,26,60,7,11,60,3,55,60
0,0,5,0,1,8,0,2,16,1,1,34,0,1,16,0,0,11,0,0,3,0,3,36,1,1,26,6,24,60,3,9,44,8,12,60
1,2,6,1,1,16,1,5,23,2,2,51,0,3,28,2,3,16,4,5,22,4,12,60,10,14,46,11,24,60,6,24,60,1,28,60
1,2,6,1,1,16,1,5,23,2,2,51,0,3,28,2,3,16,4,5,22,4,12,60,10,14,46,11,24,60,6,24,60,1,28,60
1,2,6,1,1,16,1,5,23,2,2,51,0,3,28,2,3,16,4,5,22,4,12,60,10,14,46,11,24,60,6,24,60,1,28,60
1,2,6,1,1,16,1,5,23,2,2,51,0,3,28,2,3,16,4,5,22,4,12,60,10,14,46,11,24,60,6,24,60,1,28,60
1,2,6,1,1,16,1,5,23,2,2,51,0,3,28,2,3,16,4,5,22,4,12,60,10,14,46,11,24,60,6,24,60,1,28,60
1,4,6,0,3,11,0,4,15,1,3,31,1,2,17,3,4,10,0,0,3,6,10,38,6,13,29,9,42,60,6,13,41,2,11,60
1,1,12,0,1,23,2,2,25,0,11,60,1,3,37,0,0,31,1,4,58,3,8,60,3,7,60,11,22,60,5,10,60,2,6,60
1,2,8,2,5,18,2,5,22,0,0,20,1,1,28,0,0,9,0,2,18,5,15,52,3,14,49,10,32,60,2,11,60,3,4,54
2,4,7,1,7,17,3,6,16,7,22,26,4,13,22,26,51,60,5,16,31,8,19,29,3,15,41,13,46,60,15,41,60,25,45,60
1,3,5,0,2,6,0,4,7,20,28,31,1,11,17,2,14,27,3,17,25,3,25,34,7,35,56,12,49,60,9,32,58,9,37,57
1,5,5,0,4,10,3,4,9,5,20,23,3,8,16,9,43,54,3,10,21,9,20,33,1,16,32,12,43,60,16,36,53,19,49,56
1,3,5,0,2,6,0,4,7,20,28,31,1,11,17,2,14,27,3,17,25,3,25,34,7,35,56,12,49,60,9,32,58,9,37,57
1,5,7,0,12,17,1,9,14,15,22,25,2,10,21,10,44,59,2,14,33,7,16,28,9,18,30,10,40,60,17,41,58,18,47,60
0,2,7,0,3,11,3,4,19,0,10,48,0,3,16,0,0,6,0,2,31,3,12,51,0,9,50,10,26,60,4,12,60,2,7,56
0,2,4,0,4,4,1,5,6,1,11,20,2,8,10,2,14,40,0,9,15,2,26,31,3,13,24,15,39,57,6,25,40,0,29,44
1,2,3,1,2,4,1,2,5,0,20,23,0,3,13,1,3,6,3,7,16,3,18,26,7,21,34,3,27,55,4,20,26,6,14,36
0,2,8,1,2,20,0,4,22,4,8,36,1,1,17,0,1,16,2,4,38,4,12,60,4,12,56,6,27,60,9,20,60,5,11,60
0,1,9,4,4,19,0,3,23,0,0,17,0,2,22,0,0,16,0,0,33,0,3,57,1,7,60,8,24,60,0,8,60,0,1,60
0,3,6,2,4,10,0,9,14,0,13,19,2,16,23,1,27,42,1,34,46,4,22,35,1,19,39,12,30,60,13,59,60,3,60,60
1,3,15,1,4,28,0,5,37,3,33,60,1,7,60,2,8,60,2,7,60,8,28,60,6,18,60,8,34,60,17,34,60,3,31,60
0,1,9,4,4,16,1,3,23,0,0,17,2,2,21,0,1,21,0,2,32,0,3,56,1,7,54,7,22,60,1,9,60,1,1,60
0,2,5,0,3,13,0,3,18,1,2,24,0,11,23,0,3,4,0,7,13,2,7,33,0,11,39,10,27,60,6,11,35,1,3,9
0,2,3,3,7,10,3,8,13,2,7,10,3,13,21,2,7,14,1,7,21,9,27,33,4,10,22,6,44,60,15,46,60,21,46,60
1,4,7,2,6,17,2,2,24,0,0,31,0,3,29,0,2,6,0,4,19,1,4,51,9,21,50,10,31,60,3,11,52,2,5,54
0,4,5,0,5,9,0,8,12,0,11,17,5,13,24,1,24,36,1,21,43,3,18,38,2,16,38,11,26,56,14,55,60,13,58,60
0,2,11,2,3,18,3,7,32,2,10,60,1,3,45,1,1,12,0,0,12,4,5,53,3,7,60,8,24,60,3,12,60,1,17,55
1,2,10,4,6,22,2,9,40,2,10,60,0,6,45,0,2,13,0,1,16,6,14,60,9,13,58,9,27,60,17,28,60,9,13,60
2,4,5,0,4,8,1,5,13,4,6,18,0,13,24,14,32,41,7,22,41,3,20,39,10,26,47,4,30,53,19,49,60,42,60,60
1,3,3,0,2,5,4,9,15,4,31,60,5,15,24,2,3,8,2,8,11,5,12,26,4,15,24,13,46,60,26,58,60,6,19,35
0,0,12,0,1,21,0,2,24,0,12,32,0,4,19,0,0,13,0,1,36,1,2,60,0,2,60,6,22,60,0,3,60,0,18,60
1,3,7,8,14,24,3,10,11,2,4,17,8,14,21,5,9,31,6,23,50,6,15,25,2,16,38,7,26,52,11,28,45,6,27,49
0,0,1,2,3,7,3,9,12,0,2,2,2,4,6,3,4,6,0,1,3,7,15,24,0,3,13,10,28,56,10,20,23,8,10,11
0,3,4,1,5,5,1,8,10,5,32,45,3,10,17,5,25,50,2,14,35,4,18,31,6,32,54,18,52,60,11,46,60,5,44,60
0,0,0,1,1,7,0,1,7,0,0,22,0,1,4,0,0,1,1,1,1,2,5,16,3,5,21,1,4,22,2,3,27,0,2,18
1,4,8,10,19,23,0,3,9,3,19,45,4,19,34,42,60,60,3,43,60,3,12,25,6,38,57,10,38,60,9,52,60,9,47,60
1,2,5,1,4,9,2,5,7,2,26,43,3,8,16,11,60,60,3,16,36,2,16,31,14,30,49,14,47,60,10,45,60,12,32,60
0,1,2,1,2,4,1,4,9,0,0,2,0,2,6,2,4,9,1,15,21,2,11,24,0,10,15,12,34,59,3,11,27,3,6,27
0,1,6,0,1,11,1,2,13,0,9,34,0,2,11,1,3,6,0,1,10,2,7,35,0,7,34,7,23,60,2,12,51,0,12,60
0,2,3,1,1,5,1,3,7,0,23,25,3,7,11,0,6,22,4,7,11,13,22,36,8,23,29,4,30,60,4,23,39,2,19,37
1,5,7,2,7,19,2,8,14,4,21,26,3,14,25,33,60,60,6,24,36,5,20,31,3,23,44,12,42,60,12,43,60,25,55,60
0,3,5,0,4,7,3,3,9,8,19,21,1,6,13,6,29,43,2,8,13,6,16,32,2,15,28,14,40,58,8,30,45,16,26,56
1,3,9,1,1,7,3,15,50,11,20,60,2,4,15,1,1,14,43,60,60,11,31,60,4,11,57,5,19,60,14,41,60,4,11,60
0,1,1,1,6,8,4,11,12,1,2,2,1,5,7,4,6,9,1,3,6,6,19,29,0,10,16,7,35,60,9,20,27,7,10,19
0,1,1,1,6,8,4,11,12,1,2,2,1,5,7,4,6,9,1,3,6,6,19,29,0,10,16,7,35,60,9,20,27,7,10,19
0,1,2,2,5,6,1,3,8,0,2,13,2,5,9,0,2,7,1,4,9,1,4,12,2,10,19,9,24,42,3,16,21,3,6,10
2,4,6,5,15,23,1,3,6,3,27,34,4,14,28,16,25,33,20,43,58,2,16,24,11,36,55,9,30,39,3,28,48,5,53,60
1,2,3,4,11,17,1,5,10,5,10,14,2,10,15,6,26,29,4,24,28,9,21,27,6,28,35,11,35,60,8,14,24,30,38,42
1,1,3,5,11,17,2,5,9,0,8,12,2,8,13,6,15,29,4,17,26,6,19,26,2,22,32,13,35,56,5,14,20,12,37,42
1,2,3,4,11,17,1,5,10,6,10,14,2,10,21,6,25,29,5,23,28,10,21,29,7,28,35,12,39,60,9,14,25,30,38,42
1,2,3,4,11,17,1,5,10,6,10,14,2,10,21,6,25,29,5,23,28,10,21,29,7,28,35,12,39,60,9,14,25,30,38,42
0,1,1,1,7,11,4,11,13,2,2,3,1,6,9,2,9,11,1,6,6,5,22,31,1,13,18,9,40,60,7,21,30,3,19,26
1,2,3,4,11,17,1,5,10,6,10,14,2,10,21,6,25,29,5,23,28,10,21,29,7,28,35,12,39,60,9,14,25,30,38,42
0,2,6,0,0,7,1,1,12,0,0,27,0,1,20,0,0,2,0,0,2,0,1,22,0,10,27,1,13,60,0,6,46,0,1,23
0,1,10,1,5,19,1,9,36,9,15,60,4,7,35,0,1,11,0,0,8,1,10,60,3,15,52,3,18,60,6,33,60,1,12,60
1,1,2,1,2,8,4,5,11,0,12,26,2,4,7,0,2,4,1,2,2,6,11,22,3,6,18,8,33,53,3,23,40,1,3,13
0,0,9,1,2,18,2,5,33,0,5,50,1,8,37,0,1,9,0,0,5,4,12,58,0,3,60,9,32,60,5,18,60,3,5,60
0,3,8,1,2,13,1,3,27,0,1,60,1,2,32,0,0,9,0,0,2,1,2,39,2,12,41,12,23,60,6,11,60,0,17,56
1,2,4,1,3,4,4,10,13,10,60,60,6,19,32,1,5,5,2,7,12,4,9,15,5,21,28,14,46,60,29,47,60,7,16,24
1,1,12,0,1,24,0,0,32,0,9,60,0,2,43,0,3,37,0,1,39,2,5,60,3,6,60,7,26,60,1,8,60,3,3,60
1,1,9,0,3,24,1,2,22,0,10,47,0,2,31,4,6,51,2,8,31,3,7,60,2,6,60,10,27,60,1,9,60,2,4,60
0,2,7,0,7,12,3,5,20,4,21,34,3,8,23,0,3,13,1,2,13,8,15,57,2,12,43,8,27,60,7,14,60,4,15,60
0,2,7,0,7,12,3,5,20,7,21,34,3,8,22,0,3,13,1,2,13,8,15,57,1,12,43,9,28,60,7,14,60,4,15,60
1,2,7,0,7,12,3,5,21,1,22,33,1,7,18,0,3,12,1,3,12,7,11,58,2,12,43,6,28,60,7,14,60,1,10,60
0,1,5,0,2,4,1,6,13,1,3,9,2,5,7,1,4,7,0,0,1,3,9,19,0,2,21,2,26,60,5,11,26,2,10,23
0,1,5,0,1,11,2,7,22,1,8,44,1,8,27,0,5,8,1,6,12,10,23,52,0,2,35,7,23,60,2,25,60,20,56,60
0,0,4,0,0,15,1,6,23,1,4,60,1,6,31,1,1,10,1,5,18,1,12,49,0,0,46,0,11,60,3,14,60,1,31,60
0,0,4,1,1,12,1,5,20,1,2,46,2,6,23,1,1,8,0,2,11,3,12,50,0,0,25,11,22,60,8,10,60,1,12,60
0,0,7,1,1,12,1,4,21,0,8,45,0,3,25,0,0,14,0,0,21,1,4,50,0,5,39,11,30,60,5,18,60,0,31,60
0,0,5,0,1,10,0,2,20,1,6,47,0,5,24,0,1,10,0,0,11,2,11,55,0,1,29,9,23,60,1,8,60,0,35,60
0,2,7,0,6,11,2,5,19,1,10,33,0,5,20,0,2,11,0,3,12,6,13,54,0,12,42,5,24,60,5,14,60,3,6,60
0,2,7,0,7,11,2,5,20,1,14,33,2,7,22,0,3,11,0,2,14,5,13,56,0,12,42,5,25,60,7,14,60,4,7,60
0,1,7,2,2,19,1,2,22,0,10,32,1,3,27,2,7,26,1,10,27,5,9,48,0,9,57,6,28,60,6,12,60,1,8,60
0,1,4,2,2,4,0,3,5,1,2,36,0,2,12,1,1,1,0,0,3,2,4,16,0,1,7,6,14,39,4,6,20,2,3,18
0,1,5,2,3,18,1,1,20,0,2,29,1,4,22,1,8,23,0,10,26,3,11,46,0,6,46,4,25,60,3,15,60,1,9,60
0,0,7,0,3,12,0,3,21,0,24,49,1,7,23,0,3,12,0,1,13,2,10,59,0,5,37,4,21,60,0,8,60,28,56,60
0,0,6,1,1,18,1,2,17,0,0,18,1,1,35,2,2,20,0,4,32,3,6,58,1,1,54,5,12,60,4,5,60,1,4,60
0,2,5,0,2,14,2,6,23,1,1,48,0,3,32,1,2,15,0,4,23,3,11,52,5,19,39,11,36,60,7,31,60,2,35,60
1,3,6,2,3,11,1,6,16,1,2,31,0,3,17,3,5,10,0,0,3,4,11,35,5,11,29,5,39,60,8,17,39,6,14,60
1,2,5,3,3,7,3,6,15,0,2,27,1,5,13,3,5,8,0,0,3,4,13,28,3,8,29,12,38,60,10,19,37,8,23,56
1,3,5,0,2,14,3,10,19,14,25,32,6,20,39,0,2,5,6,14,15,7,23,33,7,22,43,12,46,60,15,56,60,5,37,43
1,4,5,1,2,13,2,10,17,17,23,32,6,17,37,0,2,5,4,14,14,6,21,31,7,25,38,11,55,60,20,55,60,6,36,43
2,5,6,0,3,6,3,7,13,2,11,18,3,10,21,14,30,43,4,24,36,9,28,41,13,33,47,4,26,57,16,46,60,42,60,60
1,4,6,1,6,6,2,7,11,4,12,27,5,11,23,12,36,44,19,35,43,9,22,32,8,30,51,8,36,60,13,60,60,23,60,60
0,5,5,0,4,5,4,9,13,0,11,20,4,9,17,7,33,40,2,25,32,4,27,42,10,35,46,7,27,53,15,43,60,54,60,60
1,1,2,1,2,8,3,5,9,0,11,24,2,4,7,0,2,4,1,2,2,5,11,22,3,6,18,8,32,53,2,25,41,1,3,14
0,0,3,0,1,5,1,3,13,0,13,19,1,11,20,0,0,1,0,0,0,1,2,17,0,1,24,10,19,60,0,4,37,0,1,8
0,1,10,2,3,18,3,5,35,2,10,60,1,2,46,0,3,15,0,0,12,1,5,54,0,5,60,6,23,60,2,10,60,0,16,60
0,1,4,1,4,12,3,7,14,0,11,20,4,13,30,1,4,8,0,2,7,4,12,27,3,9,27,15,37,60,11,47,60,2,28,38
1,2,11,4,5,24,3,7,42,0,11,60,2,6,39,0,2,13,0,1,14,5,9,60,9,20,60,7,18,60,9,29,60,9,34,60
1,1,9,0,4,19,0,10,30,6,12,60,1,4,37,0,2,9,0,0,7,0,7,50,4,7,56,3,17,60,4,16,60,1,18,60
1,5,8,3,19,30,2,7,9,1,20,26,4,18,30,4,13,50,18,50,60,10,14,18,6,33,53,5,27,47,7,33,60,15,35,60
0,0,0,0,2,3,0,5,10,0,1,2,0,3,4,3,4,4,0,1,1,1,12,18,0,2,7,7,26,50,4,13,20,3,8,9
0,1,1,1,5,8,2,5,7,1,1,2,1,3,5,0,6,10,0,4,7,1,10,24,1,6,13,17,38,56,1,10,17,1,13,22
0,2,4,5,13,16,1,4,6,6,11,22,4,11,18,9,27,29,10,26,28,6,16,20,1,27,41,9,25,58,5,14,26,23,40,58
0,0,12,1,1,23,1,1,29,2,13,33,4,4,19,0,1,13,1,2,38,1,3,60,0,1,60,7,19,60,3,7,60,18,23,60
0,2,4,1,2,5,1,2,7,0,22,25,1,6,10,0,3,11,6,6,10,13,25,34,6,23,34,5,27,60,3,21,38,3,18,30
0,0,0,1,1,7,0,1,7,0,0,22,0,1,5,0,0,1,1,1,1,4,6,16,1,5,21,1,3,21,2,4,28,0,3,30
1,1,2,2,3,4,1,5,10,0,0,4,1,3,6,2,5,12,3,16,21,3,12,31,5,11,18,9,41,59,5,15,34,3,7,29
1,3,6,2,6,9,3,5,10,8,32,47,4,13,22,8,22,39,6,24,50,5,18,35,9,27,59,14,48,60,13,44,60,13,46,60
1,3,7,1,3,8,3,7,9,2,24,37,3,9,16,8,60,60,3,13,40,7,20,40,12,35,47,13,46,60,7,37,60,10,40,60
1,1,6,0,0,11,1,4,20,0,2,47,1,4,21,1,1,5,8,10,26,4,14,49,7,12,51,10,35,60,2,9,60,1,3,25
0,2,3,2,13,14,1,4,6,5,8,19,1,9,14,5,27,27,2,25,28,4,16,19,1,25,35,6,22,41,4,11,19,20,36,55
0,2,4,2,13,16,1,4,6,6,11,24,4,11,17,10,27,29,11,26,28,6,15,20,1,27,42,8,24,53,4,14,26,21,40,58
1,4,7,8,15,24,5,10,12,2,15,22,6,17,23,4,22,60,3,24,54,4,17,29,6,17,35,8,31,49,11,36,57,7,33,60
1,2,4,5,12,15,3,9,13,0,3,10,3,13,16,3,10,18,2,12,20,0,17,31,3,15,24,4,21,47,4,20,37,0,14,39
1,2,3,4,11,17,1,4,10,3,9,12,1,8,13,6,22,29,3,24,26,6,21,27,5,27,35,12,35,60,5,14,20,26,37,42
1,3,4,5,12,15,4,10,13,1,3,16,4,12,18,3,10,17,2,14,22,0,15,31,5,16,27,4,21,48,4,23,45,3,13,41
0,0,0,0,3,6,0,7,11,0,1,2,0,3,5,3,4,5,0,1,2,2,11,22,0,3,9,8,35,49,3,12,24,5,8,12
0,2,3,3,13,16,2,4,10,5,10,17,3,11,17,7,27,28,1,25,28,5,19,22,1,30,35,9,26,60,8,13,23,22,40,48
1,3,5,1,11,15,1,4,8,9,23,35,8,15,27,0,9,50,9,14,25,4,17,26,4,25,47,14,34,60,10,43,60,5,26,60
0,2,7,0,2,11,0,2,24,0,1,60,0,2,30,0,0,12,0,0,3,0,1,41,0,5,36,4,24,60,0,8,60,0,3,57
1,1,10,4,7,22,4,10,37,3,14,60,2,5,40,0,1,13,0,1,10,5,13,60,4,13,59,7,27,60,17,35,60,2,13,60
0,2,10,1,8,22,5,10,38,3,13,60,0,3,42,1,3,11,0,1,14,4,14,60,0,10,59,14,30,60,10,27,60,1,7,60
0,0,5,2,2,10,2,5,22,3,19,41,3,10,29,1,1,3,0,0,4,7,11,29,0,3,34,10,29,60,9,23,60,0,6,28
0,2,3,2,5,11,1,7,8,2,3,3,2,9,11,1,8,19,0,0,23,4,8,22,0,4,12,11,35,60,10,20,31,3,13,18
1,1,2,3,4,8,3,7,12,3,8,11,1,8,17,4,9,13,1,7,13,9,25,32,4,8,16,7,41,60,10,41,60,15,32,54
0,4,4,3,6,8,4,7,10,4,15,47,4,15,22,7,33,46,5,39,44,6,24,34,6,27,48,6,45,60,13,49,60,10,60,60
1,2,6,0,1,11,1,4,17,0,2,43,1,3,19,1,1,6,6,10,23,7,10,41,4,12,45,12,34,60,3,6,60,0,4,23
0,2,8,2,4,22,1,3,20,0,17,32,0,3,14,0,4,6,0,1,27,2,6,59,2,11,47,2,24,60,3,14,60,0,30,60
1,3,5,0,2,7,0,4,7,20,28,31,1,10,18,2,14,27,3,17,25,3,23,35,7,35,56,11,49,60,9,33,58,9,36,59
1,2,8,0,1,18,2,2,22,2,11,60,2,4,26,0,1,12,3,10,39,7,11,60,3,11,60,9,27,60,5,13,60,2,5,54
0,0,0,1,2,4,0,0,17,0,1,6,0,1,9,0,1,1,0,0,1,0,3,20,0,2,14,0,18,51,1,3,13,5,5,10
0,0,12,1,1,25,1,1,30,3,13,34,3,4,21,0,0,16,1,2,38,2,3,60,0,2,60,6,20,60,3,4,60,15,23,60
1,2,9,0,0,19,1,5,21,2,11,26,0,2,17,0,1,9,0,1,18,2,7,55,2,7,58,5,26,60,3,5,60,15,15,60
2,4,10,3,12,27,0,8,13,3,11,30,4,14,29,32,60,60,14,36,54,4,14,36,3,22,59,10,40,60,8,44,60,18,57,60
1,2,8,3,5,18,5,5,21,0,1,16,1,3,17,0,0,9,1,2,19,8,15,55,5,11,54,9,33,60,4,10,60,3,17,60
1,3,7,1,3,12,3,4,21,7,8,39,1,1,14,0,0,8,2,5,32,8,15,60,6,14,42,8,28,60,10,20,60,6,11,60
0,0,5,0,0,11,3,7,22,3,5,55,2,10,26,0,2,8,2,5,12,10,20,50,0,1,32,7,25,60,4,22,60,5,30,60
1,3,7,0,2,11,1,2,18,0,6,32,1,2,17,1,3,11,0,2,4,3,10,42,6,13,31,12,31,60,1,13,51,0,3,60
1,3,7,0,2,11,1,2,18,0,6,32,1,2,17,1,3,11,0,2,4,3,9,41,6,13,31,13,31,60,1,13,51,0,3,60
2,5,6,0,3,6,3,7,13,2,11,18,3,10,21,14,30,43,4,24,36,9,28,41,13,33,47,4,26,57,16,46,60,42,60,60
1,3,7,0,4,9,1,9,13,3,8,18,0,14,23,18,30,44,15,27,40,6,23,38,9,22,51,5,31,54,23,52,60,29,60,60
1,3,15,1,5,21,1,5,32,11,24,60,1,8,57,3,10,60,1,7,60,4,25,60,6,18,60,9,31,60,10,38,60,2,31,60
1,2,5,2,5,10,3,7,12,1,12,18,7,14,23,1,22,39,3,22,44,5,22,39,6,22,33,12,39,60,18,50,60,13,60,60
1,2,4,0,6,7,2,7,10,4,9,13,2,11,17,2,12,23,5,8,26,5,20,36,0,13,23,6,32,60,9,45,60,11,40,57
0,0,1,0,4,5,0,5,6,0,2,4,0,1,3,0,5,8,1,13,18,3,20,30,1,5,8,13,33,51,0,19,30,3,8,23
0,0,5,1,1,12,2,4,11,1,4,22,5,15,20,1,1,4,0,0,11,3,6,19,2,2,37,9,27,60,3,7,26,0,2,8
1,1,2,0,4,6,2,6,11,2,7,10,1,3,10,6,8,10,0,6,18,9,21,32,3,9,17,11,37,59,8,33,51,5,24,35
0,4,5,1,6,7,3,8,14,3,13,23,5,13,23,8,37,43,15,35,43,7,22,32,5,29,44,7,35,60,13,57,60,19,60,60
0,0,3,0,1,6,2,3,9,3,21,22,9,13,17,0,1,3,0,0,7,1,4,14,0,6,22,8,20,60,0,1,17,0,0,4
1,3,5,2,8,9,3,8,11,0,12,18,7,16,24,2,17,34,2,19,39,4,20,37,2,14,35,9,36,60,21,46,60,11,60,60
2,3,7,0,3,7,1,5,12,4,7,17,1,11,26,14,29,44,6,23,50,5,20,36,8,27,47,4,30,52,19,50,60,43,60,60
1,3,21,1,5,31,4,7,44,4,23,60,3,13,60,1,8,60,2,7,60,4,21,60,7,26,60,12,42,60,6,41,60,9,51,60
1,4,8,2,5,5,4,10,12,3,15,31,4,7,19,3,16,38,1,10,31,9,32,46,11,32,51,9,30,54,5,57,60,14,60,60
1,4,8,2,5,5,4,10,12,3,15,31,4,7,19,3,16,38,1,10,31,9,32,46,11,32,51,9,30,54,5,57,60,14,60,60
1,4,8,2,5,5,4,10,12,3,15,31,4,7,19,3,16,38,1,10,31,9,32,46,11,32,51,9,30,54,5,57,60,14,60,60
1,4,8,2,5,5,4,10,12,3,15,31,4,7,19,3,16,38,1,10,31,9,32,46,11,32,51,9,30,54,5,57,60,14,60,60
1,4,8,2,5,5,4,10,12,3,15,31,4,7,19,3,16,38,1,10,31,9,32,46,11,32,51,9,30,54,5,57,60,14,60,60
1,4,8,2,5,5,4,10,12,3,15,31,4,7,19,3,16,38,1,10,31,9,32,46,11,32,51,9,30,54,5,57,60,14,60,60
0,0,5,0,4,10,1,3,21,3,11,50,2,8,24,0,3,10,0,3,13,3,13,53,0,3,33,7,26,60,2,14,60,15,60,60
2,2,7,0,0,10,1,2,18,1,3,31,0,2,16,1,3,10,1,2,4,1,12,40,7,11,33,16,31,60,2,11,50,0,1,60
0,0,0,0,2,6,1,2,16,0,0,22,0,0,13,0,0,2,0,0,6,0,0,26,0,4,14,1,3,60,0,3,38,0,0,38
0,0,5,0,0,11,3,6,23,0,8,53,1,11,25,0,5,8,0,4,12,5,21,52,0,1,34,7,29,60,3,21,60,21,60,60
0,0,4,0,1,11,2,6,22,1,8,55,2,11,27,0,2,8,0,4,12,5,20,52,0,1,29,8,28,60,4,15,60,8,60,60
2,2,6,0,8,13,1,8,22,0,8,41,1,9,27,3,5,10,0,6,14,5,21,55,2,10,43,2,26,60,7,23,60,6,56,60
0,0,4,0,2,14,2,7,22,0,4,53,1,4,29,0,2,11,1,5,19,3,16,48,0,4,36,5,22,60,6,22,60,29,34,60
0,0,3,0,1,12,4,7,21,2,5,55,3,7,27,0,2,8,2,5,12,5,18,50,0,0,30,7,28,60,2,20,60,3,21,60
0,2,6,0,4,10,2,9,22,4,7,42,3,8,27,0,4,9,0,3,13,5,19,52,1,8,38,9,24,60,6,24,60,23,60,60
2,2,9,0,3,18,4,6,20,0,2,25,1,3,16,0,0,10,1,1,19,7,12,53,5,9,60,7,26,60,5,9,60,1,18,60
0,1,7,1,3,18,1,5,19,0,0,16,0,3,16,0,0,9,0,2,19,11,15,53,2,7,49,11,30,60,4,10,58,3,3,60
0,2,4,0,3,6,3,4,8,2,16,21,4,10,11,2,34,54,0,11,17,7,28,33,5,19,31,10,41,60,7,31,44,5,33,52
1,2,7,1,3,12,1,2,19,9,9,34,1,1,12,2,5,6,1,1,21,5,10,50,7,13,41,8,24,60,7,17,55,11,13,60
1,1,9,0,2,18,0,2,26,0,10,34,0,5,18,1,2,10,0,4,31,2,12,60,4,9,55,4,21,60,3,19,60,1,34,60
1,2,5,0,4,6,3,4,7,2,20,21,3,7,12,5,29,47,0,10,16,8,25,33,0,14,30,14,39,60,11,31,44,14,34,52
0,6,6,2,5,14,1,7,11,1,9,26,1,11,22,40,60,60,8,25,33,7,21,29,3,24,47,9,44,60,10,40,60,12,55,60
1,2,6,2,5,16,3,6,7,2,16,45,0,5,24,11,60,60,1,20,41,4,19,31,13,30,48,14,48,60,12,44,60,13,33,60
0,2,7,1,4,18,0,3,22,0,19,34,0,5,14,1,4,6,1,1,23,4,9,55,4,13,47,5,23,60,6,20,60,11,31,60
1,3,5,0,2,7,0,4,8,20,28,31,1,12,16,2,14,28,3,16,24,3,25,34,7,36,55,12,48,60,9,32,59,8,37,59
0,2,3,0,2,5,0,6,8,1,7,37,3,10,11,1,28,56,0,12,16,6,29,35,9,18,31,8,38,60,5,29,45,7,30,57
1,3,7,3,4,17,1,2,20,1,17,34,0,3,13,2,6,6,1,1,21,5,8,52,9,15,43,6,23,60,10,15,58,10,30,60
0,0,7,0,0,10,0,1,14,0,8,34,1,2,10,0,1,7,0,0,17,1,4,37,0,0,38,4,14,60,1,5,49,0,0,60
1,5,7,5,20,23,0,3,7,1,13,45,4,18,29,46,60,60,15,42,60,3,12,27,5,37,57,11,35,60,10,47,60,10,49,60
0,5,7,3,11,22,1,8,11,0,10,28,1,15,23,34,60,60,5,29,47,4,16,33,4,24,53,8,44,60,8,39,60,16,57,60
0,0,13,1,1,25,1,2,32,2,13,35,1,4,22,0,0,18,1,2,38,2,3,60,0,4,60,7,21,60,3,5,60,1,23,60
1,2,6,0,5,17,3,5,22,1,1,24,1,5,28,1,1,24,1,2,37,2,7,51,5,9,43,8,32,60,4,15,60,0,17,60
0,3,6,0,5,9,0,7,13,0,12,17,5,13,24,2,24,40,1,25,43,4,20,34,0,19,38,13,24,59,12,57,60,12,60,60
1,2,6,0,3,14,1,3,17,0,1,23,2,4,22,1,2,4,0,1,14,2,6,41,5,15,44,8,26,60,5,13,41,2,4,16
0,0,3,1,1,4,2,3,7,1,3,22,3,11,17,0,1,3,0,0,9,2,4,13,3,3,21,6,16,55,1,1,15,0,0,4
1,1,9,4,6,23,3,8,39,7,16,60,4,6,41,0,2,12,0,0,13,6,12,60,10,16,60,3,28,60,12,34,60,10,12,60
1,2,10,4,5,23,2,8,40,0,3,60,0,5,48,0,2,14,0,1,17,5,16,60,6,12,59,6,26,60,12,28,60,3,12,60
0,0,7,0,1,10,0,2,24,0,0,58,0,2,27,0,0,10,0,0,3,0,1,35,0,2,36,3,23,60,0,9,60,0,3,57
0,2,4,0,3,7,2,9,14,4,19,32,3,14,23,2,6,8,1,3,9,1,20,29,3,13,22,14,49,60,14,57,60,3,29,45
1,2,3,6,11,17,2,7,10,0,9,12,2,8,16,6,18,29,5,19,26,8,20,29,7,27,36,14,34,60,7,14,23,15,38,44
0,0,0,2,3,6,4,7,10,0,1,2,1,3,8,0,3,5,0,0,1,5,14,23,2,2,7,7,28,43,6,17,30,3,8,13
1,3,6,2,13,23,2,5,9,9,22,28,7,16,25,15,26,31,18,28,41,8,15,21,14,31,56,7,40,60,7,21,34,22,47,60
1,3,6,2,13,23,2,5,9,9,22,28,7,16,25,15,26,31,18,28,41,8,15,21,14,31,56,7,40,60,7,21,34,22,47,60
1,3,5,4,12,15,4,8,15,1,3,18,2,10,18,3,9,17,0,12,20,0,13,30,5,16,28,3,19,47,3,26,44,3,15,31
1,3,5,8,11,17,6,10,11,1,8,21,6,12,16,4,10,20,3,14,31,2,15,26,7,11,32,6,26,45,8,27,50,4,17,51
0,1,6,0,1,10,0,1,14,0,9,34,1,2,12,1,2,6,0,1,13,2,7,38,0,7,39,3,18,60,3,9,53,0,11,60
0,1,6,0,1,10,0,1,14,0,9,34,1,2,12,1,2,6,0,1,13,2,7,37,0,7,39,3,18,60,3,9,53,0,11,60
2,4,6,1,3,6,2,6,8,2,11,42,4,11,15,18,57,60,6,14,33,8,23,39,8,25,38,10,49,60,12,42,60,13,50,60
0,6,8,3,10,26,1,8,11,0,10,28,2,15,23,37,60,60,6,30,47,3,15,34,3,23,56,9,45,60,7,38,60,18,55,60
0,0,12,0,1,21,0,2,23,1,12,32,0,4,19,0,0,13,0,1,36,1,2,60,0,2,60,7,21,60,0,3,60,0,18,60
0,0,6,0,1,15,0,3,17,0,1,14,0,2,11,0,0,8,1,2,17,0,8,49,2,4,47,5,18,60,0,4,55,0,14,60
0,0,7,0,0,10,0,1,14,0,8,34,1,2,10,0,1,7,0,0,17,1,4,37,0,0,42,4,14,60,1,5,49,0,0,60
0,2,7,1,3,19,3,5,20,0,1,21,0,3,14,0,0,8,1,3,19,7,15,55,2,9,51,8,27,60,4,10,60,1,17,60
1,2,6,2,5,16,3,6,7,2,16,45,0,5,24,11,60,60,1,20,41,4,19,31,13,30,48,14,48,60,12,44,60,13,33,60
1,4,5,1,3,9,3,4,9,5,20,23,3,9,16,17,44,57,6,11,21,10,19,34,1,19,35,12,46,60,13,35,53,19,49,54
0,2,7,0,2,16,2,4,24,0,4,40,0,3,22,0,1,10,3,9,46,2,11,60,2,10,57,11,43,60,1,7,60,1,7,60
1,3,7,3,4,19,1,2,21,1,18,33,0,4,13,2,6,6,1,1,21,5,7,53,8,15,43,6,26,60,10,16,60,10,30,60
0,1,11,0,3,18,3,7,35,2,10,60,0,2,47,0,3,15,0,0,12,1,6,56,0,4,60,7,22,60,1,9,60,0,3,60
0,3,3,0,4,7,1,9,15,1,15,27,3,10,23,0,6,9,1,3,9,1,19,29,1,14,19,14,40,60,9,53,60,1,25,47
0,0,9,0,1,16,3,7,32,1,5,48,3,7,33,0,1,9,0,0,7,0,9,57,3,5,52,14,27,60,5,20,60,2,6,60
1,2,12,4,5,27,2,6,45,8,15,60,3,8,43,1,1,15,0,1,15,3,12,60,10,19,60,4,22,60,12,35,60,8,34,60
1,2,10,1,4,17,2,7,31,6,10,60,2,3,42,1,1,10,0,0,5,2,5,47,7,8,60,3,22,60,4,16,60,15,18,47
0,1,5,1,2,14,2,5,22,3,13,44,2,5,29,0,1,4,0,0,2,3,10,31,1,6,36,4,33,60,5,25,60,1,5,31
1,3,17,1,2,26,2,5,41,5,34,60,1,11,60,2,6,60,2,5,60,8,20,60,4,13,60,3,35,60,8,38,60,3,13,60
0,1,5,1,3,4,3,5,13,1,1,25,1,2,9,1,3,7,0,0,2,2,7,24,1,1,22,8,29,60,4,17,30,11,16,30
1,2,6,3,3,7,3,6,15,0,2,30,1,5,14,2,5,9,0,0,3,4,14,29,3,9,29,13,38,60,9,19,37,8,23,60
0,2,5,0,4,15,1,5,24,0,2,46,1,3,31,0,2,16,0,5,24,3,8,51,7,20,39,6,37,60,15,30,60,5,54,60
2,2,6,4,7,11,2,7,22,0,12,34,2,9,27,2,4,11,0,1,13,5,16,58,4,9,44,5,21,60,8,22,60,6,45,60
0,0,4,1,1,11,1,2,20,1,4,47,1,6,24,1,1,8,0,2,11,4,11,50,0,0,26,9,22,60,6,8,60,1,34,60
1,3,6,4,7,11,3,6,20,1,13,35,2,8,24,0,4,11,0,2,15,6,17,58,2,13,46,7,17,60,7,21,60,6,15,60
1,2,7,0,0,11,1,5,19,1,21,31,1,5,17,0,1,11,1,2,9,4,12,53,4,11,34,15,33,60,5,13,60,0,3,60
0,2,6,1,1,15,1,6,22,1,3,52,0,3,29,2,3,11,3,6,19,4,23,56,3,14,45,10,27,60,6,28,60,2,51,60
0,1,5,0,1,4,0,3,12,2,3,24,0,3,9,0,2,7,0,0,0,2,5,21,2,4,18,4,11,60,0,3,26,0,1,27
1,2,7,4,7,11,3,6,21,0,9,34,2,9,25,0,4,12,0,3,15,5,18,60,2,8,45,6,15,60,5,22,60,6,16,60
0,0,8,0,1,18,1,2,23,0,0,30,0,2,44,2,2,31,3,4,36,3,7,60,1,3,60,3,14,60,4,8,60,2,4,60
1,2,5,1,4,4,4,6,12,0,4,25,2,5,10,2,5,7,0,0,2,5,13,22,0,9,22,12,32,60,7,16,30,6,15,23
0,0,2,0,1,6,0,0,17,0,0,45,0,0,22,0,0,6,0,0,7,2,3,39,0,0,14,2,16,60,0,2,49,0,1,60
0,2,5,0,5,15,1,5,23,0,1,47,1,3,31,0,1,16,0,2,23,4,7,51,3,18,39,13,38,60,11,27,60,3,36,60
0,0,0,1,2,5,0,0,3,0,0,14,0,0,3,0,0,0,0,0,0,0,0,3,1,1,17,9,19,60,1,1,7,0,0,1
0,0,4,1,1,12,1,5,20,1,6,47,2,7,23,1,1,8,0,2,11,7,13,51,0,1,27,11,24,60,7,10,60,3,53,60
1,2,5,0,3,18,2,3,24,0,3,40,2,5,26,0,4,16,0,7,23,1,6,47,5,22,43,2,36,60,10,28,60,25,30,60
1,1,6,0,5,16,1,4,21,0,10,32,3,6,21,1,3,15,0,7,26,1,6,44,5,20,42,4,34,60,8,28,60,25,30,60
0,0,5,0,1,14,4,10,24,1,8,41,2,9,26,0,2,8,2,7,13,8,25,51,0,2,36,7,25,60,5,27,60,3,60,60
0,0,4,1,1,11,1,2,20,1,4,47,1,6,24,1,1,8,0,2,11,4,11,50,0,0,26,9,22,60,6,8,60,1,34,60
1,3,6,4,5,16,1,6,24,0,1,35,0,3,27,1,5,14,0,6,23,6,12,60,2,12,47,7,19,60,6,22,60,2,13,60
0,0,4,0,0,15,3,8,22,2,4,48,3,6,26,1,1,8,2,5,12,4,17,45,0,0,31,3,17,60,7,15,60,2,33,60
2,2,14,1,2,29,0,2,39,1,18,60,1,5,56,2,6,59,1,3,60,6,14,60,4,11,60,11,34,60,8,23,60,1,9,60
1,3,5,1,5,6,3,11,17,10,24,39,7,16,31,0,0,3,9,13,15,8,20,30,9,24,39,12,50,60,14,53,60,6,25,50
0,4,6,1,2,6,4,12,20,5,37,60,5,17,35,0,2,6,0,13,18,4,14,29,7,25,41,16,57,60,12,47,60,2,20,42
1,5,7,2,4,5,4,9,11,2,11,19,3,7,15,5,32,39,1,25,33,5,28,44,11,35,48,7,28,56,14,52,60,45,60,60
0,1,9,1,5,19,1,9,37,10,15,60,4,7,36,0,2,11,0,0,8,1,11,60,3,15,52,4,20,60,4,34,60,1,13,60
1,1,9,4,6,23,3,8,39,7,16,60,4,6,41,0,2,12,0,0,13,6,12,60,10,16,60,3,28,60,12,34,60,10,12,60
0,0,1,0,4,11,0,4,18,2,4,27,1,3,12,4,18,26,1,9,27,3,17,59,3,14,31,4,12,60,10,33,60,10,34,59
1,3,3,3,11,24,1,8,15,3,12,19,4,17,25,3,22,30,4,23,29,9,23,31,10,31,42,8,53,60,8,19,36,11,38,50
0,1,1,1,4,8,2,5,6,1,1,2,1,3,4,1,7,10,0,3,7,1,10,21,1,4,13,18,37,53,1,9,17,1,13,23
0,0,0,2,3,8,3,6,13,0,1,2,1,6,9,0,1,5,0,0,1,4,15,24,2,3,7,10,31,46,3,21,34,1,7,13
1,2,3,4,11,17,1,5,10,6,10,14,2,10,21,6,25,29,5,23,28,10,21,29,7,28,35,12,39,60,9,14,25,30,38,42
1,3,7,7,10,23,1,5,7,6,24,30,5,15,23,21,27,31,19,26,46,7,13,22,15,33,53,8,29,60,5,23,33,22,43,60
1,2,4,0,2,6,1,3,6,19,22,30,0,6,16,2,6,14,3,13,22,5,23,31,7,26,46,8,32,60,6,22,38,7,33,44
0,4,4,1,5,7,2,6,10,5,31,44,3,10,17,5,23,58,1,11,35,4,18,34,7,36,53,19,49,60,11,46,60,4,42,60
0,2,7,0,2,10,1,4,17,1,13,33,1,2,10,0,2,7,0,2,30,4,12,47,0,12,47,3,26,60,2,20,52,2,16,60
0,6,6,2,8,15,1,7,13,3,9,28,2,12,23,39,60,60,9,27,38,4,22,30,2,26,50,9,44,60,12,43,60,18,56,60
2,4,7,0,7,17,3,6,15,11,21,25,4,11,22,23,52,60,5,15,31,8,19,29,4,16,39,13,47,60,16,40,60,24,46,60
0,2,7,3,3,19,4,5,20,0,1,16,1,3,16,0,0,9,1,2,19,9,15,56,3,9,51,8,30,60,4,10,60,3,17,60
1,3,6,1,13,25,1,4,7,2,18,35,0,15,29,25,60,60,9,30,41,2,15,23,5,26,60,11,44,60,11,41,60,13,32,60
0,0,7,0,0,10,0,1,14,0,8,34,1,2,10,0,1,7,0,0,17,1,4,37,0,0,42,4,14,60,1,5,49,0,0,60
0,1,7,1,3,15,1,5,18,0,1,15,0,3,13,0,0,8,0,3,19,4,15,52,2,7,51,10,26,60,3,10,57,1,16,60
1,2,3,1,2,4,1,2,5,0,20,23,0,3,13,1,3,6,3,7,16,3,18,26,7,21,34,3,27,55,4,20,26,6,14,36
1,2,6,0,1,12,1,4,19,0,2,44,1,3,20,1,1,5,7,10,26,6,12,51,7,12,50,8,35,60,3,8,60,0,3,25
2,3,6,8,13,21,6,10,13,2,16,24,7,15,23,3,28,60,3,23,52,2,17,30,7,17,29,8,32,51,10,35,59,9,38,60
1,4,7,6,20,23,0,4,7,12,31,49,8,28,40,2,48,59,1,34,59,3,13,23,8,33,60,6,42,60,14,53,60,10,59,60
1,1,4,1,6,6,1,6,11,2,15,18,1,5,9,0,9,17,2,6,8,1,7,13,5,11,21,9,34,60,5,24,40,1,17,31
1,3,3,4,13,16,2,5,11,6,10,18,3,11,21,6,27,29,3,24,29,9,20,27,6,29,38,10,35,60,9,14,27,31,40,48
0,2,4,4,13,16,1,4,8,5,10,17,3,10,14,5,27,27,2,25,28,4,17,20,1,25,36,8,23,47,5,12,20,22,39,48
2,5,7,7,14,24,3,12,14,5,20,26,5,19,24,2,53,60,3,37,58,2,19,31,5,18,33,9,35,53,12,42,60,13,48,60
1,4,6,1,10,17,0,6,8,5,30,41,7,23,38,0,2,7,0,19,25,5,18,25,2,24,53,8,36,60,12,42,60,5,32,60
0,0,1,2,4,9,6,9,11,0,1,2,2,6,12,0,5,7,0,1,3,6,21,25,2,8,17,9,27,60,9,27,34,3,11,14
0,0,4,1,3,12,5,6,22,0,0,23,1,1,20,0,3,15,0,0,25,4,17,60,0,6,35,3,19,60,2,8,49,0,5,55
1,2,11,4,5,23,2,6,39,8,15,57,3,8,39,0,1,11,0,1,13,4,12,60,10,19,60,3,24,60,12,37,60,8,33,60
0,0,9,0,1,18,0,2,22,0,4,34,1,3,28,0,2,38,0,0,38,3,4,60,0,1,53,7,20,60,2,6,60,0,5,60
1,2,5,1,6,13,2,8,13,2,4,7,2,9,13,5,11,20,0,4,30,8,17,26,2,11,28,9,41,60,13,28,43,7,17,34
1,2,5,1,6,13,2,8,13,2,4,7,2,9,13,5,11,20,0,4,30,8,17,26,2,11,28,9,41,60,13,28,43,7,17,34
1,2,2,3,6,8,4,7,12,3,8,11,2,11,17,4,10,15,1,9,19,8,26,34,4,8,17,6,46,60,11,44,60,23,34,56
0,2,4,4,5,11,1,7,8,2,3,6,2,9,11,1,9,20,0,0,26,4,8,22,0,6,17,12,35,60,11,22,31,3,13,19
1,2,13,0,2,24,0,1,33,1,18,60,1,3,46,0,4,39,0,2,47,3,9,60,3,10,60,10,29,60,2,11,60,1,22,60
0,0,10,0,0,19,0,2,16,0,3,60,0,2,30,0,0,29,0,0,39,1,4,56,0,2,59,3,14,60,0,4,60,0,2,60
0,2,8,0,6,16,2,3,27,0,0,38,0,4,32,0,1,13,2,7,23,4,5,45,1,12,52,5,21,60,1,10,59,0,1,60
1,2,4,3,10,11,2,3,10,2,5,8,2,6,13,0,15,26,0,25,33,2,12,22,0,11,22,11,36,58,5,15,37,3,11,21
1,1,9,0,2,18,0,2,26,0,10,34,0,5,19,1,2,10,0,5,35,2,12,60,4,9,55,4,21,60,3,19,60,1,33,60
1,1,9,0,2,18,0,2,26,0,10,34,0,5,19,1,2,10,0,5,35,2,12,60,4,9,55,4,21,60,3,19,60,1,33,60
1,1,9,0,2,18,0,2,26,0,10,34,0,5,19,1,2,10,0,5,35,2,12,60,4,9,55,4,21,60,3,19,60,1,33,60
1,1,9,0,2,18,0,2,26,0,10,34,0,5,19,1,2,10,0,5,35,2,12,60,4,9,55,4,21,60,3,19,60,1,33,60
0,5,7,3,11,22,1,8,11,0,10,28,1,15,23,34,60,60,5,29,47,4,16,33,4,24,53,8,44,60,8,39,60,16,57,60
0,1,2,1,2,5,1,3,7,0,0,2,0,2,4,0,3,8,5,16,20,2,13,24,0,11,16,9,30,59,2,9,20,0,5,23
2,5,7,2,7,20,2,9,14,4,21,26,3,13,26,35,60,60,6,24,37,5,20,31,3,24,44,12,41,60,11,42,60,23,55,60
2,2,9,0,3,18,4,6,20,0,2,25,1,3,17,0,0,11,1,1,20,7,11,54,5,9,60,7,27,60,5,8,60,1,18,60
0,2,7,4,6,9,3,5,21,0,4,33,1,3,24,0,4,12,0,2,15,5,17,59,0,10,44,5,13,60,5,20,60,3,9,60
0,0,3,0,1,12,2,5,21,1,5,55,4,7,23,1,2,8,2,5,11,7,16,47,0,0,25,7,22,60,6,14,60,2,6,60
0,0,6,1,1,20,1,2,19,0,0,23,1,2,36,2,2,25,2,4,33,6,6,57,1,3,58,6,19,60,5,8,60,3,4,60
1,3,7,1,4,6,3,9,14,3,17,35,2,12,18,3,10,34,1,8,29,6,25,49,8,29,54,12,33,60,10,47,60,8,60,60
1,3,7,0,6,9,0,4,10,9,15,31,2,15,23,1,14,31,2,27,42,3,19,31,7,24,56,8,41,60,12,38,60,3,55,60
0,1,9,4,4,20,0,3,24,0,0,17,0,2,25,0,0,15,0,0,31,0,4,55,2,7,59,7,23,60,1,8,60,0,1,60
1,3,6,2,4,9,0,7,12,0,13,21,5,14,24,1,26,40,2,29,44,4,22,37,2,17,40,12,28,60,14,55,60,11,60,60
1,2,15,0,3,24,0,3,32,9,19,60,1,4,53,2,8,60,2,4,60,4,18,60,4,12,60,9,32,60,7,30,60,1,27,60
0,3,6,2,4,9,0,7,14,0,13,19,4,16,24,1,26,41,1,31,44,4,21,37,1,16,38,12,27,60,13,57,60,3,60,60
0,2,3,0,2,7,1,6,10,2,7,8,0,5,14,6,8,15,2,9,24,4,23,32,1,15,25,11,33,60,10,27,52,4,14,45
0,2,4,1,7,10,3,4,6,15,20,23,3,7,11,2,14,21,1,16,28,4,14,27,1,15,27,8,32,53,9,24,41,22,26,30
0,2,3,0,2,7,1,6,10,2,7,8,0,5,14,6,8,15,2,9,24,4,23,32,1,15,25,11,33,60,10,27,52,4,14,45
0,0,1,0,1,5,2,4,5,0,0,3,0,1,3,0,0,6,1,10,14,2,17,24,1,4,7,10,30,48,2,14,21,3,6,9
0,3,6,0,5,8,0,9,14,1,13,18,2,15,25,10,27,44,3,31,45,5,18,38,4,20,38,11,28,59,15,57,60,11,60,60
0,1,13,1,2,20,0,4,27,15,17,60,2,5,45,0,5,55,0,3,52,0,13,60,0,9,60,5,29,60,0,20,60,8,27,60
1,3,8,1,3,22,4,9,22,1,1,16,3,7,25,0,12,36,0,5,60,4,11,57,3,13,55,11,50,60,8,24,60,15,25,53
1,2,7,3,3,18,5,5,20,0,1,16,1,3,16,0,0,9,1,2,19,8,15,56,5,10,53,9,29,60,5,10,60,3,17,60
1,4,7,2,3,11,2,7,10,3,11,29,4,11,16,3,31,48,2,20,55,10,25,42,10,31,54,8,36,52,10,48,60,26,60,60
1,4,6,0,4,8,2,5,11,4,8,19,1,12,23,14,33,42,7,24,37,4,22,37,10,29,48,4,28,57,17,52,60,46,60,60
1,5,6,1,4,7,3,9,13,2,11,32,3,12,18,5,20,36,2,25,30,5,26,44,9,33,54,8,33,60,12,45,60,24,60,60
1,4,17,1,4,27,4,11,40,9,29,60,2,15,60,2,10,60,2,6,60,11,28,60,4,28,60,10,36,60,15,47,60,9,31,60
0,1,3,0,1,8,2,3,14,0,2,24,1,1,22,0,0,15,1,2,17,5,15,60,2,9,31,9,22,60,4,12,35,6,8,27
1,1,2,0,2,4,2,4,8,0,2,3,3,8,13,0,5,6,2,7,12,11,29,39,0,4,7,6,22,34,4,13,19,6,27,40
0,1,7,2,2,15,1,3,21,0,2,32,1,3,26,0,8,28,1,11,28,2,9,54,0,7,57,7,27,60,1,12,60,0,7,60
0,0,5,0,3,10,1,5,21,4,15,49,3,8,26,0,4,10,0,1,13,2,16,53,1,5,31,9,25,60,1,17,60,47,60,60
0,1,5,0,4,4,1,6,13,1,3,10,2,5,7,2,4,7,0,0,2,3,9,19,0,3,21,3,27,60,5,12,26,3,11,23
0,0,3,1,1,8,0,1,19,0,1,45,0,3,22,0,1,6,0,0,7,2,6,42,0,0,17,6,19,60,2,8,54,0,1,60
1,3,6,2,3,11,0,4,15,1,3,31,1,2,16,3,4,10,0,0,3,6,11,38,7,13,29,8,43,60,6,13,41,2,12,60
0,1,5,0,1,4,1,3,12,0,1,22,0,2,7,0,2,7,0,0,1,1,6,21,1,1,21,5,27,60,3,12,25,5,15,24
0,2,4,0,4,4,1,4,6,2,17,21,1,6,11,4,20,40,0,10,14,5,23,32,0,16,27,15,38,60,9,24,40,3,25,49
0,2,4,0,4,5,1,5,7,1,13,21,2,8,11,2,27,45,0,11,16,4,27,32,4,15,27,14,39,59,6,26,41,3,32,50
1,2,7,1,2,12,2,6,18,2,9,39,2,3,18,0,0,7,0,5,33,4,11,55,3,9,55,10,38,60,3,12,60,2,5,57
1,2,6,2,4,18,1,3,19,1,1,32,0,0,10,2,4,6,0,1,13,2,9,51,4,11,42,8,30,60,7,16,58,3,13,60
0,3,5,2,12,24,1,3,8,2,21,35,0,15,29,16,60,60,9,22,42,5,13,21,5,27,60,13,42,60,9,42,60,8,30,60
1,3,5,0,2,7,0,4,8,20,29,31,1,12,16,2,15,28,3,16,24,3,25,34,6,36,55,13,48,60,8,33,60,8,37,60
0,0,0,5,7,18,1,5,23,0,0,60,3,6,23,6,21,53,7,14,59,3,10,53,0,1,16,9,28,60,5,17,60,26,39,60
0,1,2,1,2,4,1,4,9,0,0,2,0,2,6,2,4,9,1,15,21,2,11,24,0,10,15,12,34,59,3,11,27,3,6,27
0,1,2,1,2,4,1,4,9,0,0,2,0,2,6,2,4,9,1,15,21,2,11,24,0,10,15,12,34,59,3,11,27,3,6,27
0,0,1,0,4,5,1,5,5,0,0,4,0,1,3,0,4,7,1,10,17,4,20,29,1,5,6,12,32,51,1,15,28,3,6,22
1,2,4,1,3,7,0,3,5,0,21,27,1,7,12,2,5,10,3,13,22,3,12,30,12,18,34,7,35,60,8,20,37,7,28,39
0,3,5,2,9,9,2,5,9,14,24,28,3,9,14,3,18,25,2,17,32,4,22,41,4,23,35,10,35,59,14,35,46,22,28,60
1,5,6,1,6,7,3,6,16,1,11,29,2,17,26,0,10,17,1,15,37,2,15,39,6,29,46,7,45,60,4,36,60,3,52,60
2,3,7,0,2,9,2,8,13,4,9,19,2,10,25,21,33,44,18,27,38,5,25,36,8,27,53,5,31,54,16,58,60,38,60,60
0,2,4,4,13,16,1,4,7,5,10,17,3,10,15,5,27,27,2,25,28,4,17,20,1,25,36,8,23,48,5,12,20,22,39,48
0,3,4,2,10,18,1,3,5,0,14,28,1,9,21,14,23,32,15,33,56,2,12,22,5,28,40,5,21,44,1,16,33,4,38,60
1,2,5,6,12,17,5,9,13,1,6,21,5,12,18,4,10,17,2,12,26,0,10,27,7,13,27,4,21,46,8,28,48,4,18,38
1,2,5,6,12,17,5,9,13,1,6,21,5,12,18,4,10,17,2,12,26,0,10,27,7,13,27,4,21,46,8,28,48,4,18,38
1,4,7,0,7,16,0,6,9,4,25,47,3,24,40,0,1,4,2,20,25,7,20,25,5,21,50,7,39,60,9,41,60,6,27,60
0,2,7,0,2,10,1,4,18,1,14,33,1,2,10,0,2,7,0,2,30,4,13,48,0,13,47,6,29,60,4,21,53,2,8,60
0,3,7,3,15,22,2,4,9,1,10,38,1,17,28,51,60,60,2,32,59,3,13,28,5,38,55,6,41,60,9,52,60,9,39,60
0,0,13,1,2,24,1,2,37,2,13,35,1,4,24,0,0,22,2,2,38,2,3,60,0,3,60,6,17,60,2,5,60,4,23,60
0,1,10,0,0,21,0,2,25,1,11,31,0,2,16,0,0,13,0,1,33,1,4,60,0,4,60,6,24,60,0,6,60,0,19,60
0,2,6,0,3,11,1,3,14,0,1,31,0,0,10,1,3,6,0,0,8,2,5,41,0,7,34,10,29,60,3,11,52,1,5,60
1,2,7,1,3,13,1,2,19,9,9,34,1,1,12,2,5,6,1,1,21,4,10,50,7,13,41,8,24,60,9,17,55,10,13,60
1,5,7,1,11,26,0,8,13,3,13,28,2,15,28,38,60,60,11,29,45,4,19,36,2,18,51,12,41,60,12,45,60,16,53,60
1,5,7,1,11,26,0,8,13,3,13,28,2,15,28,38,60,60,11,29,45,4,19,36,2,18,51,12,41,60,12,45,60,16,53,60
1,5,7,1,11,26,0,8,13,3,13,28,2,15,28,38,60,60,11,29,45,4,19,36,2,18,51,12,41,60,12,45,60,16,53,60
1,5,7,1,11,26,0,8,13,3,13,28,2,15,28,38,60,60,11,29,45,4,19,36,2,18,51,12,41,60,12,45,60,16,53,60
1,5,7,1,11,26,0,8,13,3,13,28,2,15,28,38,60,60,11,29,45,4,19,36,2,18,51,12,41,60,12,45,60,16,53,60
1,5,7,1,11,26,0,8,13,3,13,28,2,15,28,38,60,60,11,29,45,4,19,36,2,18,51,12,41,60,12,45,60,16,53,60
0,3,3,3,9,15,1,9,10,1,12,18,1,7,12,1,6,11,3,5,13,4,5,12,4,17,26,6,28,46,8,21,39,6,9,25
1,3,7,8,14,17,2,10,12,2,4,16,7,13,20,3,9,19,6,19,45,4,13,26,3,14,30,6,27,47,11,24,41,6,27,48
1,3,4,1,6,13,1,6,13,7,16,21,1,6,10,2,12,20,2,6,11,3,9,14,6,17,22,6,34,57,7,30,41,4,19,33
0,1,1,2,6,6,2,3,9,0,4,14,2,4,7,0,2,8,1,6,9,1,6,10,2,9,14,9,25,48,5,15,21,3,3,14
0,5,7,1,12,28,1,4,8,11,29,49,8,34,45,0,3,30,1,14,39,4,14,21,4,33,59,5,37,58,7,44,60,15,49,60
0,0,0,2,5,8,5,9,14,0,1,4,2,6,11,0,3,6,0,0,3,4,18,25,2,5,14,9,27,60,7,25,33,1,11,14
1,1,2,1,3,6,3,4,9,8,14,60,3,5,7,0,2,4,1,2,5,4,7,17,2,8,17,12,33,56,4,15,30,1,2,6
0,1,12,1,5,20,3,8,38,2,6,60,0,2,47,1,3,15,0,1,14,3,11,60,0,4,60,12,30,60,2,24,60,1,5,60
2,3,7,0,3,7,1,5,12,4,7,17,1,12,26,14,29,41,6,24,47,5,20,36,7,27,46,4,29,52,19,49,60,43,60,60
0,4,6,0,6,10,0,6,12,4,17,27,2,15,23,1,20,31,4,32,41,4,22,30,8,25,52,10,36,60,12,42,60,3,60,60
1,2,6,4,6,16,2,7,23,0,2,35,1,3,26,0,5,15,0,4,21,4,13,59,1,7,45,4,19,60,6,18,60,4,12,60
1,1,2,0,2,2,3,6,7,0,0,0,0,3,4,3,4,8,1,2,3,6,15,22,3,5,10,5,25,38,2,8,13,5,9,15
1,2,7,0,3,12,0,6,22,12,22,33,3,7,19,0,2,12,1,3,12,5,11,60,4,10,40,10,38,60,3,14,60,0,14,60
1,2,4,0,2,4,0,3,7,9,18,38,1,2,12,0,1,1,0,1,3,3,6,17,2,3,9,1,7,48,2,9,22,4,4,20
1,2,7,0,4,12,2,6,22,7,21,33,4,7,19,0,3,12,1,3,12,8,12,58,3,12,43,8,32,60,4,15,60,1,12,60
0,1,3,2,3,8,0,5,19,0,0,7,1,2,7,1,3,5,1,4,19,9,21,50,2,4,17,5,22,60,2,10,35,5,30,52
0,1,5,0,3,10,0,6,21,4,22,44,3,9,25,0,4,10,0,2,13,3,17,55,1,8,37,7,21,60,1,16,60,52,60,60
0,3,6,4,7,10,2,6,19,0,9,32,2,7,22,0,3,10,0,2,14,5,14,55,0,11,46,5,15,60,5,16,60,4,7,60
1,4,18,0,5,24,2,7,42,12,33,60,3,14,60,2,10,60,2,7,60,12,28,60,5,23,60,10,32,60,16,46,60,5,21,60
1,3,5,0,3,14,3,8,18,13,25,34,6,21,40,0,2,5,6,14,15,7,24,31,8,23,42,11,45,60,17,53,60,4,37,44
1,4,6,0,4,10,2,9,11,3,8,19,1,14,25,19,32,44,16,27,40,6,21,38,10,24,52,3,33,54,20,55,60,28,60,60
1,2,16,1,2,24,1,2,40,1,30,60,1,9,60,2,5,60,1,4,60,4,14,60,4,12,60,13,31,60,8,28,60,1,8,60
1,2,17,1,2,28,1,2,39,1,24,60,1,6,59,3,7,60,1,3,60,6,14,60,4,11,60,7,33,60,8,26,60,2,6,60
0,0,7,1,2,11,1,5,24,2,17,42,1,6,30,1,1,4,0,0,4,8,11,34,0,3,40,9,30,60,8,19,60,3,5,30
0,2,10,2,4,17,3,7,32,3,12,60,2,3,42,1,2,11,0,0,10,4,5,49,3,7,60,8,24,60,5,13,60,1,17,60
0,0,3,1,1,6,1,2,13,2,15,20,8,11,20,0,0,1,0,0,0,1,2,17,0,1,24,8,23,60,1,7,37,1,1,8
0,2,11,1,6,25,0,3,41,7,15,60,3,8,43,0,2,15,0,1,12,1,11,60,6,21,60,7,19,60,2,27,60,0,14,60
1,5,7,1,8,17,0,6,10,5,23,48,3,29,40,0,1,5,1,14,24,6,19,27,3,26,48,6,36,60,11,44,60,4,33,60
0,0,1,0,3,8,1,6,12,1,1,2,1,3,5,3,4,7,1,1,3,3,9,26,0,3,6,6,39,51,5,10,23,5,8,19
1,1,3,5,9,13,2,7,10,0,10,12,2,7,13,6,14,29,5,7,25,7,21,32,7,16,31,14,33,60,3,16,26,12,35,42
1,2,7,2,4,13,1,3,17,1,9,32,0,1,12,2,5,6,0,1,12,4,9,45,6,11,42,7,31,60,8,17,56,5,13,60
1,2,9,0,2,19,4,6,22,0,2,25,0,3,16,0,0,11,1,1,19,5,11,52,3,9,60,7,29,60,5,7,60,2,18,60
0,1,6,0,4,11,1,3,14,0,9,34,0,1,11,0,3,6,0,1,10,1,9,35,2,9,36,7,23,60,2,13,50,1,12,60
0,6,6,2,8,15,1,7,12,3,9,28,2,12,21,39,60,60,9,27,38,5,21,30,2,26,51,9,44,60,12,43,60,18,56,60
0,2,6,0,3,11,1,2,14,0,1,30,0,0,10,1,3,6,0,0,8,2,5,40,0,7,33,9,29,60,4,8,52,1,3,60
1,2,9,0,1,18,1,4,22,0,11,60,1,3,27,0,1,14,2,11,44,6,11,60,2,11,60,12,29,60,4,12,60,2,6,60
1,2,3,6,11,17,2,7,10,0,9,12,2,8,16,6,18,29,5,19,26,8,20,29,7,27,36,14,34,60,7,14,23,15,38,44
0,0,1,2,4,7,6,10,12,1,2,2,2,6,8,1,5,7,0,1,5,5,19,26,0,8,17,7,29,60,9,21,30,7,9,18
0,5,7,4,21,31,3,7,10,1,19,26,4,19,30,5,12,60,18,52,60,11,14,19,4,33,51,6,29,48,8,30,60,16,35,60
1,3,5,3,7,12,1,7,9,1,27,42,7,20,38,0,2,3,3,19,25,5,18,28,6,22,43,7,41,60,11,38,60,11,19,44
0,0,9,1,2,18,1,4,33,0,5,49,0,7,38,0,1,9,0,0,5,4,12,60,0,3,60,7,31,60,5,17,60,3,5,60
0,2,10,1,8,23,4,10,38,3,13,60,0,3,44,1,3,12,0,1,14,4,16,60,0,11,60,14,34,60,11,28,60,1,9,60
1,3,5,2,10,14,1,9,12,2,23,39,10,25,39,0,3,3,2,6,15,1,19,25,7,28,36,8,34,60,13,51,60,15,25,59
0,2,12,1,6,25,0,4,41,9,15,60,3,7,43,0,2,14,0,0,13,1,11,60,3,21,60,4,19,60,2,27,60,0,14,60
0,1,11,0,5,19,1,6,37,2,18,60,0,1,44,0,3,16,0,1,15,1,8,60,0,6,60,10,28,60,2,17,60,0,2,60
1,1,4,0,4,9,1,6,10,4,8,10,1,7,15,6,8,14,0,9,16,8,22,32,3,9,22,8,32,60,11,37,60,7,32,44
1,1,4,0,5,9,1,6,10,5,8,11,1,9,15,6,10,14,0,8,18,9,24,34,3,10,22,8,33,60,10,40,60,5,31,47
1,2,5,1,5,13,3,10,14,0,3,7,1,10,15,6,11,22,0,5,26,9,17,26,3,13,28,13,44,60,13,31,46,7,18,37
0,2,3,4,8,8,2,10,10,2,6,9,1,12,17,0,7,13,1,6,19,11,25,30,4,7,22,10,45,60,11,40,53,15,36,50
1,3,7,2,5,19,0,4,21,0,0,18,0,1,29,0,1,7,0,1,18,1,9,51,7,18,50,8,26,60,1,8,53,0,5,50
2,3,7,1,6,8,1,3,11,1,9,16,5,12,20,3,21,36,6,37,45,1,19,30,9,24,38,10,30,54,3,33,60,3,47,60
2,3,4,1,4,5,2,8,14,0,1,2,1,7,9,4,10,15,3,8,9,4,17,23,8,15,21,16,43,60,10,24,47,18,25,30
0,3,4,1,11,12,3,6,9,1,7,9,2,10,16,4,19,25,3,31,33,5,18,24,2,18,27,6,39,60,6,26,37,3,16,23
1,2,5,1,6,13,2,8,13,2,4,7,2,9,13,5,11,20,0,4,30,8,17,26,2,11,28,9,41,60,13,28,43,7,17,34
1,4,4,1,3,7,3,9,14,0,5,8,2,10,14,5,13,24,1,12,26,6,20,29,6,22,28,12,45,60,8,38,52,7,23,40
0,2,5,4,10,11,3,8,13,2,4,13,3,15,18,0,7,13,1,14,18,8,22,33,1,20,28,17,43,60,11,40,60,15,46,60
0,1,6,0,1,10,0,1,14,0,9,34,1,2,12,1,2,6,0,1,13,2,7,38,0,7,39,3,18,60,3,9,53,0,11,60
1,2,5,0,3,4,1,3,8,2,25,30,3,9,13,0,13,60,1,9,17,5,27,39,12,29,44,9,48,60,7,33,50,8,27,60
1,2,8,3,5,18,1,5,21,0,0,18,1,1,27,0,0,9,0,2,18,7,15,51,3,14,50,11,31,60,3,10,60,3,4,54
0,2,7,3,3,19,2,5,20,0,1,16,0,3,16,0,0,9,1,2,19,10,15,53,2,9,51,10,31,60,4,11,58,3,17,60
1,2,8,0,3,17,3,5,18,1,2,25,2,3,16,0,0,9,1,1,19,4,14,52,6,9,52,7,27,60,3,9,60,14,18,60
0,2,7,0,2,10,0,5,16,2,12,34,1,2,11,0,2,7,0,3,29,4,15,45,0,13,47,4,27,60,2,21,52,1,16,60
0,4,6,1,13,26,1,4,5,2,22,36,0,16,31,29,60,60,6,29,42,3,15,21,5,26,60,11,43,60,10,44,60,9,30,60
0,5,8,1,16,23,1,3,6,3,20,44,0,18,32,44,60,60,1,35,60,3,12,21,5,36,60,10,41,60,7,49,60,7,36,60
1,4,6,0,3,11,0,4,15,1,3,31,1,2,17,3,4,10,0,0,3,6,10,38,6,13,29,9,42,60,6,13,41,2,11,60
1,1,4,2,2,4,2,3,7,2,4,36,1,2,12,1,1,1,0,0,3,2,7,15,1,1,7,5,14,43,6,7,22,1,6,18
2,3,7,0,2,11,0,5,15,1,2,30,0,2,15,3,4,10,0,0,3,5,9,32,9,11,30,2,27,60,5,11,40,4,9,58
0,1,7,0,3,23,1,3,23,0,10,43,0,3,31,4,7,45,1,8,34,3,7,58,0,8,60,10,26,60,3,10,60,1,4,60
0,0,3,0,1,12,4,7,21,2,5,55,3,8,24,1,2,8,2,5,11,6,17,48,0,0,25,8,23,60,4,17,60,2,7,60
0,2,5,0,0,17,1,2,23,1,2,36,2,4,26,0,3,16,0,4,25,0,7,55,3,21,44,5,25,60,4,22,60,21,29,60
1,3,7,0,2,11,1,2,18,0,6,32,1,2,17,1,3,11,0,2,4,3,9,41,6,13,31,13,31,60,1,13,51,0,3,60
0,0,5,0,2,16,2,9,22,0,2,54,0,4,29,0,2,11,0,5,19,3,17,48,0,6,37,6,24,60,6,24,60,29,32,60
0,0,2,0,1,5,0,1,10,0,0,15,0,0,8,0,0,0,0,0,2,0,0,11,5,8,18,3,8,60,0,0,21,0,0,4
1,4,7,0,6,18,2,7,14,7,29,39,2,33,41,0,0,2,5,13,17,6,21,31,6,26,40,6,36,60,12,45,60,7,39,60
2,2,6,3,4,11,1,3,14,1,1,32,0,0,10,1,3,6,0,1,9,3,8,42,6,11,39,11,31,60,5,14,52,2,13,60
1,1,13,1,1,22,2,2,27,0,11,60,2,3,37,0,0,35,1,4,57,4,9,60,3,6,60,9,25,60,5,10,60,2,5,60
1,2,5,3,5,11,3,8,11,2,10,38,6,17,23,4,13,35,12,19,41,4,23,39,5,18,42,10,52,60,14,50,60,15,56,60
0,2,8,1,1,23,4,7,22,1,1,14,2,3,25,1,8,32,1,5,57,4,9,55,1,14,50,10,43,60,5,25,60,13,20,50
1,1,2,4,4,8,2,7,12,1,7,9,2,6,14,1,9,10,2,4,11,13,25,29,4,8,11,5,38,60,11,39,51,5,32,39
0,1,13,1,2,19,1,4,27,14,16,60,2,5,43,1,5,55,0,3,52,0,13,60,0,7,60,5,29,60,1,17,60,8,26,60
0,2,2,1,9,11,2,6,6,1,19,23,1,7,11,2,14,17,0,19,30,4,12,19,3,9,17,10,29,52,7,15,27,2,25,29
0,2,4,5,10,11,2,4,11,3,4,7,2,5,13,0,15,24,0,19,31,2,12,24,0,8,19,10,33,59,6,17,35,2,11,20
0,0,3,1,2,6,3,4,9,1,3,22,5,13,17,0,1,3,0,0,9,2,5,15,3,5,25,6,20,60,1,2,15,0,0,4
1,3,3,0,4,5,3,11,14,0,2,5,4,10,13,6,13,14,1,5,10,8,20,24,6,16,17,18,44,60,9,33,47,6,30,34
1,4,5,1,2,13,3,4,9,3,20,23,3,10,16,24,51,60,6,11,21,11,20,35,1,22,35,11,46,60,12,39,54,17,49,55
0,2,8,2,4,21,1,3,20,0,18,32,0,3,14,0,4,6,0,1,22,2,6,57,2,11,46,3,25,60,5,14,60,2,30,60
1,3,5,0,2,6,0,4,7,20,28,31,1,10,17,2,12,27,3,17,25,3,25,34,6,35,56,12,49,60,9,32,56,9,37,57
1,5,7,1,11,25,0,8,13,3,12,29,2,15,27,39,60,60,10,31,45,4,19,37,2,18,52,11,41,60,9,45,60,15,57,60
0,4,7,1,14,23,1,4,7,2,15,40,0,16,29,38,60,60,1,29,48,2,13,24,5,28,54,10,42,60,8,44,60,9,34,60
2,3,6,0,4,8,0,9,12,3,8,18,0,15,25,12,27,42,5,25,44,5,20,37,6,18,42,5,28,52,21,46,60,20,60,60
0,1,6,0,3,17,0,3,20,0,2,26,3,5,24,0,3,15,0,1,23,0,6,52,1,12,47,8,20,60,3,16,60,22,26,60
0,3,7,0,2,11,1,3,19,0,8,32,1,3,17,1,3,11,0,2,3,2,10,44,0,13,31,10,35,60,2,12,54,0,5,60
0,1,5,0,1,4,2,4,13,1,1,25,0,2,9,0,3,7,0,0,2,1,7,24,1,1,22,6,29,60,4,14,29,8,15,30
0,1,5,0,1,4,0,3,12,2,3,24,0,3,9,0,2,7,0,0,0,2,5,22,2,4,18,4,9,60,0,3,26,0,1,28
1,3,6,4,7,11,3,6,19,1,10,33,2,7,25,0,3,11,0,2,15,6,16,58,2,12,46,7,15,60,6,19,60,6,14,60
0,0,9,0,4,25,1,3,29,0,0,36,1,4,40,0,3,36,2,5,34,1,8,60,2,4,60,5,23,60,3,9,60,1,3,60
0,2,5,1,1,15,1,7,22,1,2,55,0,3,31,1,3,12,2,6,21,7,17,56,3,14,39,11,30,60,6,30,60,29,36,60
0,1,5,0,2,17,0,2,21,0,2,26,3,5,23,0,2,15,0,0,23,0,5,52,1,10,48,8,20,60,2,13,60,21,26,60
0,1,5,0,2,17,0,2,21,0,2,26,3,5,23,0,2,15,0,0,23,0,5,52,1,10,48,8,20,60,2,13,60,21,26,60
0,2,4,0,4,4,1,5,6,2,15,21,2,7,11,2,18,42,0,11,15,3,26,31,2,14,26,15,40,57,7,25,41,3,27,49
0,2,7,3,3,19,4,5,20,0,1,16,1,3,16,0,0,9,1,2,19,11,15,56,2,9,51,7,30,60,4,10,60,3,17,60
0,1,10,0,2,22,0,2,27,1,19,34,2,4,18,1,2,11,0,3,34,0,8,60,0,9,60,3,19,60,5,18,60,16,31,60
0,2,7,1,3,18,1,2,20,0,20,34,0,4,14,2,5,6,1,1,23,5,8,55,4,13,46,5,23,60,9,19,60,10,31,60
0,1,7,1,3,18,1,5,17,0,1,16,0,3,13,0,0,9,0,3,19,7,14,53,2,7,49,12,26,60,4,10,57,2,3,60
1,3,6,1,3,7,1,6,9,2,10,38,4,10,16,7,58,60,2,13,24,6,26,40,9,28,44,13,41,60,9,42,60,12,50,60
1,2,7,1,4,12,1,3,15,1,9,34,0,2,12,2,4,6,0,1,12,2,10,40,5,9,40,8,28,60,6,17,53,11,12,60
0,1,6,0,1,10,0,1,14,0,9,34,1,2,12,1,2,6,0,1,13,2,7,38,0,7,39,3,18,60,3,9,53,0,11,60
0,0,13,1,1,23,1,2,27,11,12,33,4,4,18,0,1,13,1,2,37,1,3,60,0,1,60,7,20,60,2,6,60,18,21,60
0,2,8,0,2,14,2,4,22,0,0,58,0,1,24,0,1,11,1,10,47,0,9,60,1,11,60,12,37,60,1,6,60,2,6,60
1,4,7,1,13,20,2,4,9,1,9,32,0,10,27,49,60,60,2,34,44,4,13,27,8,29,53,9,45,60,8,45,60,10,49,60
1,3,6,1,9,9,2,6,8,6,24,29,3,10,14,2,20,27,4,18,33,6,24,43,5,29,37,11,35,57,15,32,59,15,51,60
1,4,5,2,5,9,3,8,13,0,12,19,7,16,24,2,20,34,1,23,42,4,18,38,2,18,35,11,36,60,19,47,60,11,60,60
0,1,7,0,6,13,0,7,25,0,1,22,0,3,24,1,3,21,2,2,38,2,3,52,0,6,46,4,30,60,1,16,60,1,16,60
1,2,5,2,3,5,2,5,10,0,4,5,2,5,11,1,12,17,6,8,20,4,15,32,8,18,26,7,48,60,5,29,48,3,17,41
1,2,4,3,10,11,2,3,10,2,5,8,2,6,13,0,15,26,0,25,33,2,12,22,0,11,22,11,36,58,5,15,37,3,11,21
0,2,9,0,1,20,3,8,23,0,1,31,3,7,28,3,9,39,0,1,58,3,10,48,0,5,48,7,42,60,6,22,60,1,21,49
0,2,5,1,1,6,1,4,15,9,17,27,6,13,23,0,1,2,0,0,0,2,8,20,0,7,28,3,20,60,8,16,45,1,1,24
0,3,5,0,2,10,2,5,21,1,15,39,0,6,25,0,0,3,0,0,0,0,7,27,1,10,31,7,20,60,3,22,52,0,3,28
1,3,5,0,3,5,0,5,12,1,9,16,2,13,23,2,25,37,4,19,46,3,17,35,2,18,44,6,25,50,11,54,60,11,60,60
0,2,3,0,2,6,2,10,14,3,17,32,3,15,24,1,5,9,1,3,10,2,18,29,2,14,21,15,45,60,13,55,60,4,26,46
2,5,7,4,18,26,2,3,6,10,30,39,3,18,37,11,28,33,13,55,60,1,15,24,13,46,60,8,30,45,6,35,50,15,60,60
0,0,12,1,1,25,1,1,30,3,13,34,3,4,22,0,0,16,1,2,38,2,3,60,0,1,60,6,20,60,3,4,60,15,23,60
1,3,7,2,4,20,1,3,21,1,19,32,0,4,14,2,5,6,1,1,22,5,7,54,5,14,45,5,28,60,10,15,60,10,31,60
1,5,6,0,2,15,3,6,12,9,21,24,3,11,18,25,49,58,5,11,19,8,18,33,3,17,39,12,42,60,18,39,57,19,47,60
0,2,6,0,1,7,1,3,17,0,2,43,1,3,17,0,1,4,0,9,17,2,9,33,1,11,43,10,26,60,1,5,56,0,3,20
1,5,7,1,11,25,0,8,13,3,12,29,2,15,27,39,60,60,10,31,45,4,19,37,2,18,52,11,41,60,9,45,60,15,57,60
1,5,7,1,11,25,0,8,13,3,12,29,2,15,27,39,60,60,10,31,45,4,19,37,2,18,52,11,41,60,9,45,60,15,57,60
1,5,7,1,11,25,0,8,13,3,12,29,2,15,27,39,60,60,10,31,45,4,19,37,2,18,52,11,41,60,9,45,60,15,57,60
1,5,7,1,11,25,0,8,13,3,12,29,2,15,27,39,60,60,10,31,45,4,19,37,2,18,52,11,41,60,9,45,60,15,57,60
1,5,7,1,11,26,0,8,13,3,12,29,2,15,27,39,60,60,11,31,45,4,19,37,2,19,52,12,41,60,11,44,60,16,56,60
1,5,7,1,11,25,0,8,13,3,12,29,2,15,27,39,60,60,10,31,45,4,19,37,2,18,52,11,41,60,9,45,60,15,57,60
1,5,7,1,11,25,0,8,13,3,12,29,2,15,27,39,60,60,10,31,45,4,19,37,2,18,52,11,41,60,9,45,60,15,57,60
1,5,7,1,11,25,0,8,13,3,12,29,2,15,27,39,60,60,10,31,45,4,19,37,2,18,52,11,41,60,9,45,60,15,57,60
1,5,7,1,11,25,0,8,13,3,12,29,2,15,27,39,60,60,10,31,45,4,19,37,2,18,52,11,41,60,9,45,60,15,57,60
1,5,7,1,11,26,0,8,13,3,12,29,2,15,27,39,60,60,11,31,45,4,19,37,2,19,52,12,41,60,11,44,60,16,56,60
0,1,8,0,2,15,2,4,25,0,5,41,0,3,23,0,1,12,2,9,46,1,11,60,1,8,57,12,40,60,1,8,60,0,6,60
0,2,3,2,6,13,2,6,10,1,12,17,2,5,10,1,6,13,3,5,7,4,5,11,3,16,21,6,27,50,10,19,38,3,12,24
0,1,2,1,6,14,4,13,15,1,3,6,1,9,15,1,7,12,0,6,6,6,24,33,4,16,23,3,55,60,8,30,42,1,23,30
0,4,6,8,14,26,4,10,12,2,6,19,8,16,21,4,10,40,10,26,51,8,15,21,3,18,39,8,25,51,11,27,49,6,35,53
0,3,6,2,11,19,2,3,5,0,23,29,3,13,21,17,25,33,18,34,58,2,12,22,6,30,52,4,21,40,4,23,37,5,48,60
0,6,7,8,15,26,4,9,11,2,10,22,8,18,22,4,10,60,10,42,60,9,16,23,2,20,42,9,28,51,9,31,55,7,40,60
0,3,5,3,11,17,1,3,6,6,13,24,3,10,18,17,26,30,18,25,39,7,15,19,2,28,43,9,23,48,4,14,27,21,40,60
2,7,8,9,25,29,1,3,7,16,35,43,9,32,41,4,28,60,12,42,60,2,12,24,24,50,60,10,29,59,19,47,60,41,60,60
1,3,7,0,7,12,1,7,10,2,26,46,3,23,42,0,1,2,5,13,24,6,18,25,5,21,41,7,42,60,9,43,60,9,19,59
1,5,8,4,22,28,4,9,13,3,11,31,4,21,25,2,60,60,10,51,60,4,20,28,3,26,49,12,33,57,5,44,60,10,40,60
0,0,8,1,2,15,1,7,26,2,14,45,4,7,30,0,1,5,0,0,4,8,11,38,3,3,49,8,32,60,9,22,60,4,5,33
0,1,10,3,3,22,5,7,33,3,13,60,1,3,38,1,3,11,0,1,13,4,10,60,0,9,60,7,31,60,9,26,60,2,20,60
0,1,10,0,3,18,3,7,36,2,10,60,1,2,47,0,3,15,0,0,12,1,6,55,0,5,60,7,22,60,1,9,60,0,3,60
0,0,8,0,2,15,4,6,31,0,3,49,4,7,36,0,1,10,0,0,7,4,9,59,1,5,52,17,32,60,8,18,60,0,5,60
1,2,9,1,4,19,1,7,32,6,11,60,2,3,40,1,1,9,0,0,6,2,7,48,6,7,60,3,22,60,3,16,60,16,18,60
0,2,5,0,1,8,2,4,18,6,16,29,1,14,24,0,1,3,0,0,0,1,9,22,0,7,28,6,17,60,9,19,47,1,1,24
0,1,10,1,5,23,1,9,36,9,15,60,4,7,36,0,2,11,0,0,8,1,9,60,3,18,56,4,19,60,6,32,60,1,12,60
0,2,12,1,5,25,0,5,42,9,15,60,3,7,44,0,2,14,0,0,13,1,11,60,3,21,60,4,20,60,3,28,60,0,14,60
1,2,10,1,3,22,4,6,44,0,14,60,2,4,48,1,2,21,1,2,14,7,11,60,3,8,56,9,37,60,3,23,60,1,4,60
0,2,18,0,1,25,2,5,42,20,60,60,4,16,60,1,7,60,0,5,60,4,16,60,2,13,60,4,35,60,3,35,60,3,13,60
1,3,7,0,2,11,0,4,16,1,3,31,1,1,17,3,3,11,0,1,3,3,8,38,5,15,31,11,35,60,4,11,47,1,8,60
0,0,6,0,4,12,0,3,21,0,16,49,1,8,24,0,3,11,0,1,13,2,13,58,0,4,36,5,21,60,0,11,60,28,57,60
2,2,6,2,7,10,2,8,22,2,15,34,3,10,26,4,4,11,1,1,13,5,16,55,6,9,44,3,24,60,12,23,60,10,60,60
0,1,8,2,4,20,1,2,24,0,2,34,1,2,29,2,7,34,1,11,31,3,9,57,0,7,60,6,30,60,4,12,60,0,7,60
0,0,0,1,1,7,1,1,7,0,0,4,1,1,8,1,1,11,0,0,8,2,2,25,0,0,10,0,0,35,1,3,22,0,1,42
0,0,1,0,1,7,0,0,14,0,8,45,0,1,21,0,0,5,0,0,7,2,2,34,0,0,14,2,16,60,0,2,40,0,0,60
1,3,5,1,5,15,2,5,23,0,5,51,1,4,29,1,6,11,1,7,20,3,22,58,2,16,42,8,30,60,11,26,60,2,30,60
0,2,3,0,3,8,1,5,19,0,0,7,1,2,7,0,3,5,0,4,19,5,19,49,4,5,17,2,21,60,2,9,31,6,31,39
0,0,0,0,0,8,0,0,15,0,0,11,0,0,4,0,0,8,0,0,13,0,2,25,0,0,7,0,5,33,0,2,27,1,2,32
0,4,18,1,4,30,1,9,40,5,24,60,0,10,60,4,9,60,2,8,60,12,33,60,4,28,60,9,31,60,13,52,60,3,46,60
1,4,6,1,7,10,0,8,15,2,20,28,3,10,22,5,33,37,11,29,41,6,16,33,8,35,53,12,28,58,14,45,60,35,60,60
1,4,5,0,3,9,1,7,9,1,12,18,4,12,16,3,32,46,0,35,56,7,23,40,7,32,51,8,31,57,13,39,60,25,60,60
0,4,7,1,4,6,4,8,13,0,11,19,2,9,17,4,33,37,2,25,34,5,26,44,8,36,50,6,29,57,12,41,60,42,60,60
0,2,12,1,5,25,0,4,42,9,15,60,3,7,44,0,2,14,0,0,13,1,11,60,3,21,60,4,20,60,3,28,60,0,14,60
0,0,0,0,1,5,0,2,7,0,0,1,2,3,8,0,0,4,1,1,14,1,2,17,0,0,18,1,1,42,0,0,13,0,1,45
0,1,11,0,3,18,0,7,37,2,7,60,0,1,47,0,3,16,0,0,12,1,6,58,0,3,60,7,21,60,0,8,60,0,2,60
0,2,6,0,0,6,1,1,13,0,0,27,0,1,21,0,0,2,0,0,2,0,1,20,0,8,27,1,13,60,0,6,45,0,1,23
0,0,12,0,2,20,2,6,36,0,2,50,3,6,42,0,1,11,0,0,9,5,8,60,1,5,60,17,28,60,3,12,60,0,6,60
0,1,10,1,5,23,1,9,35,9,15,60,4,7,36,0,2,11,0,0,8,1,9,60,3,18,56,4,19,60,6,32,60,1,12,60
0,0,0,2,3,6,4,7,10,0,1,2,1,3,8,0,3,5,0,0,1,5,14,23,2,2,7,7,28,43,6,17,30,3,8,13
1,2,3,4,11,17,1,5,10,6,10,14,2,10,21,6,25,29,5,23,28,10,21,29,7,28,35,12,39,60,9,14,25,30,38,42
1,2,3,4,11,17,1,5,10,6,10,14,2,10,21,6,25,29,5,23,28,10,21,29,7,28,35,12,39,60,9,14,25,30,38,42
1,2,3,4,11,17,1,5,10,6,10,15,2,10,20,6,26,29,5,23,28,10,21,29,7,28,35,12,38,60,9,14,25,30,38,42
1,2,3,4,11,17,1,5,10,6,10,14,2,10,21,6,25,29,5,23,28,10,21,29,7,28,35,12,39,60,9,14,25,30,38,42
0,2,4,5,13,16,1,4,6,6,11,22,4,11,18,9,27,29,10,26,28,6,16,20,1,27,41,9,25,58,5,14,26,23,40,58
2,3,6,9,12,16,5,10,14,2,20,22,4,13,21,4,21,48,1,14,36,3,13,25,10,15,26,7,33,51,13,37,58,6,37,54
0,0,4,2,11,16,1,8,16,0,2,6,1,13,25,1,3,7,0,0,0,2,10,27,1,9,20,8,53,60,8,31,60,4,18,27
0,3,5,3,12,15,3,9,14,7,18,23,2,9,16,2,12,36,2,8,15,4,13,18,5,19,20,9,29,57,7,37,44,6,29,48
0,3,3,3,9,14,2,9,9,1,14,19,2,7,13,3,7,13,3,6,11,5,5,16,4,18,22,6,26,49,7,26,39,6,14,33
0,1,1,1,6,8,4,11,12,1,2,2,1,5,7,4,6,9,1,3,6,6,19,29,0,10,16,7,35,60,9,20,27,7,10,19
0,1,1,1,6,8,4,11,12,1,2,2,1,5,7,4,6,9,1,3,6,6,19,29,0,10,16,7,35,60,9,20,27,7,10,19
0,3,3,4,15,16,2,4,12,7,10,19,4,11,22,6,27,28,3,24,28,8,20,25,7,30,38,11,37,60,9,14,27,23,40,48
1,3,7,8,14,24,3,10,11,2,4,17,8,14,21,5,9,31,6,23,50,6,15,25,2,16,38,7,26,52,11,28,45,6,27,49
0,0,0,2,3,5,2,6,10,0,0,1,1,3,7,0,1,3,0,0,1,5,8,18,2,2,3,6,30,43,4,11,27,1,5,10
1,2,6,1,1,10,1,4,19,3,16,33,1,2,11,0,1,7,1,2,31,5,14,49,5,11,46,10,27,60,10,19,59,4,11,57
1,2,6,0,1,12,1,4,19,0,2,44,1,3,20,1,1,5,7,10,26,6,12,51,7,12,50,8,35,60,3,8,60,0,3,25
1,5,7,2,4,18,2,7,13,3,20,27,3,14,23,35,60,60,7,24,35,6,21,29,2,24,45,11,43,60,8,41,60,24,55,60
1,4,7,7,16,26,3,10,13,3,15,24,4,20,25,3,49,60,3,40,58,5,18,30,6,18,36,10,33,51,11,41,60,9,46,60
1,3,4,3,7,13,2,6,9,0,26,36,7,18,32,0,2,5,0,18,26,3,17,29,4,23,45,11,40,60,9,41,60,8,19,40
1,4,5,6,11,15,7,9,15,1,21,22,4,11,19,5,11,45,0,11,27,3,12,25,10,17,28,7,29,53,9,37,49,6,29,52
2,3,6,9,12,16,5,10,14,2,20,22,4,13,21,4,21,48,1,14,36,3,13,25,10,15,26,7,33,51,13,37,58,6,37,54
0,1,10,0,3,18,2,6,35,2,10,60,0,2,47,0,2,16,0,0,12,1,5,55,0,5,60,5,22,60,0,9,60,0,3,60
1,4,17,1,3,26,3,9,40,10,33,60,3,15,60,2,8,60,3,6,60,10,27,60,4,29,60,11,38,60,18,47,60,7,21,60
1,2,15,1,2,27,1,2,39,1,16,60,1,5,57,3,5,54,1,3,58,4,14,60,4,11,60,13,28,60,7,21,60,2,6,60
1,5,7,1,4,7,3,9,13,2,12,33,3,12,18,5,20,35,2,25,30,7,28,44,9,33,51,9,34,60,12,46,60,33,60,60
0,1,9,0,1,13,1,1,30,0,2,60,0,1,40,0,0,15,0,0,11,0,1,55,0,7,56,2,20,60,3,4,60,0,3,60
0,0,5,1,2,6,2,4,15,13,18,30,6,14,23,0,1,3,0,0,0,2,9,22,0,2,28,6,22,60,10,17,47,1,1,24
1,3,5,0,9,10,2,5,9,5,25,28,3,12,14,2,20,28,3,22,38,4,22,40,5,27,39,9,35,55,13,31,55,14,50,60
1,3,5,1,1,6,0,3,10,2,8,16,4,13,19,2,19,41,9,33,46,1,16,35,7,21,37,4,30,60,4,34,60,2,35,60
1,4,4,2,6,10,1,4,10,1,25,31,3,10,16,3,10,14,8,18,21,5,16,28,9,25,39,17,44,60,7,28,56,20,32,58
1,2,14,1,3,26,0,4,34,4,23,60,1,4,59,2,8,60,2,6,60,8,23,60,7,17,60,11,34,60,14,35,60,1,28,60
0,1,1,1,4,4,2,5,8,0,4,7,1,3,5,0,7,9,1,7,18,7,19,35,2,6,9,8,37,55,6,24,37,5,21,32
0,2,3,1,5,11,1,7,8,2,3,4,2,9,11,1,9,19,0,0,25,4,11,22,0,5,16,11,35,60,11,24,33,3,14,19
1,4,5,3,5,8,4,6,11,6,16,48,5,15,21,7,28,45,7,39,44,6,24,35,7,29,52,8,49,60,14,47,60,11,60,60
1,1,7,2,2,16,2,3,22,0,0,31,2,2,28,1,1,6,7,7,15,4,5,40,4,12,47,9,27,60,5,8,53,0,3,60
1,4,4,8,10,11,2,6,6,0,7,20,0,8,17,3,16,24,1,31,33,0,13,24,2,14,23,7,38,60,3,20,42,0,13,40
1,3,7,2,6,18,1,6,24,0,0,19,0,2,29,0,1,8,0,1,21,1,9,52,8,17,51,9,29,60,2,11,59,1,5,56
1,2,7,0,3,12,1,6,10,2,7,12,3,12,16,3,20,32,11,32,43,3,17,29,8,20,33,8,37,60,12,27,52,8,17,36
1,3,4,0,6,9,3,5,12,3,8,14,4,12,21,2,11,24,2,8,26,5,20,36,2,10,22,6,34,60,13,45,60,12,40,60
0,4,5,0,3,9,0,7,13,1,9,19,5,14,24,3,16,36,1,13,43,4,17,34,1,18,35,12,25,54,14,53,60,13,52,60
0,2,8,0,6,17,2,3,27,0,0,31,0,4,32,0,1,11,2,7,23,5,5,46,1,12,51,8,22,60,3,10,60,0,1,60
1,4,5,2,3,14,3,9,12,0,4,7,4,11,14,6,14,28,0,23,33,5,23,26,3,24,30,12,39,60,11,37,52,10,19,38
0,4,5,0,6,12,2,6,8,1,9,34,3,12,19,21,60,60,3,23,40,4,17,31,8,30,44,7,40,60,5,44,60,8,50,60
0,2,3,1,3,5,0,6,7,1,6,38,3,10,10,0,17,45,1,9,16,8,28,33,6,17,30,7,37,60,7,25,43,2,29,46
1,2,7,0,2,15,1,1,25,0,14,34,0,3,15,1,2,9,0,3,31,2,13,56,4,13,45,7,19,60,5,22,60,2,19,60
1,2,7,2,4,18,1,4,19,1,1,32,0,0,10,2,4,6,0,1,13,2,9,52,3,11,45,7,29,60,6,14,59,1,14,60
2,2,5,1,4,6,3,6,7,2,11,43,5,11,12,4,54,60,2,12,24,8,31,38,6,22,37,8,43,60,12,39,60,12,49,60
0,1,5,0,2,4,1,6,13,0,3,9,1,4,7,1,4,7,0,0,1,3,9,19,0,2,19,3,22,60,3,11,25,2,7,23
1,1,2,0,3,4,2,4,8,0,2,3,3,8,13,0,5,6,1,7,12,11,29,39,0,4,7,5,22,34,4,13,19,6,27,40
0,0,3,0,1,12,5,7,21,2,5,55,3,9,24,1,2,8,2,5,11,6,19,50,0,0,26,8,25,60,6,17,60,3,14,60
0,0,7,1,1,12,2,4,21,0,8,45,1,3,25,0,0,14,0,0,21,1,4,50,0,7,39,10,33,60,5,18,60,0,31,60
1,3,6,4,5,16,1,7,24,0,2,35,0,3,27,0,5,14,0,6,22,6,13,59,2,9,46,4,19,60,7,20,60,2,12,60
0,0,2,1,1,7,0,1,19,0,2,45,2,4,22,0,1,6,0,0,9,2,7,42,0,0,14,6,19,60,2,8,54,1,2,60
0,0,0,1,1,7,0,0,5,0,2,18,0,2,7,0,0,1,0,0,2,1,2,10,1,3,12,1,8,60,2,6,15,1,1,3
1,2,7,0,7,11,2,5,20,1,15,33,1,6,18,0,1,12,1,3,12,7,11,52,2,12,42,6,27,60,7,14,60,2,6,60
1,1,2,0,2,2,3,6,7,0,0,0,0,3,4,3,4,8,1,2,3,6,15,22,3,5,10,5,25,38,2,8,13,5,9,15
0,0,4,0,3,11,2,6,21,1,7,54,2,11,27,0,4,8,0,5,13,4,21,52,1,2,32,7,32,60,4,19,60,25,60,60
1,4,6,2,3,12,2,9,11,4,12,31,3,12,17,4,25,47,2,15,53,12,25,43,14,31,53,8,33,55,10,49,60,27,60,60
1,5,6,0,12,15,2,11,14,14,22,24,1,11,18,4,42,60,1,12,30,3,14,28,8,19,28,8,40,60,17,43,57,12,47,60
1,3,5,1,12,18,1,5,7,2,18,33,0,14,28,16,60,60,9,18,36,3,14,25,6,25,56,12,43,60,12,43,60,13,30,58
0,2,6,2,4,8,3,5,11,4,22,47,4,13,17,7,27,48,5,29,51,6,22,30,5,30,55,11,40,60,15,47,60,9,49,60
0,2,6,2,4,8,3,5,11,4,22,47,4,13,17,7,28,48,5,29,51,6,22,30,5,28,54,11,40,60,15,48,60,9,51,60
1,2,7,1,4,12,2,3,17,1,9,34,0,1,12,1,5,6,1,1,19,6,11,48,7,13,40,6,28,60,9,17,56,11,13,60
1,4,9,1,16,27,0,7,16,3,11,30,2,15,30,32,60,60,8,36,58,2,21,35,1,17,53,13,40,60,9,45,60,16,53,60
1,2,7,3,4,13,2,3,17,1,9,34,0,1,12,2,5,6,1,1,13,6,10,49,9,11,39,8,30,60,6,17,56,12,12,60
2,5,7,2,7,19,2,8,14,4,21,26,3,14,25,34,60,60,6,24,37,5,20,31,3,23,46,12,42,60,12,43,60,25,56,60
2,5,8,10,20,23,0,4,8,4,27,46,7,19,33,39,60,60,13,47,60,1,14,24,17,36,54,7,38,60,12,47,60,11,60,60
0,1,2,1,2,3,1,2,4,0,0,23,0,4,9,0,1,7,3,6,9,11,17,25,4,15,28,4,22,43,2,13,27,1,8,20
1,1,2,2,3,4,1,3,10,0,1,4,1,3,6,2,7,12,1,17,20,3,12,30,5,11,18,9,40,60,4,14,34,1,7,28
1,2,12,0,2,23,0,0,30,1,16,60,0,3,44,0,3,38,0,1,43,3,6,60,3,7,60,8,28,60,1,9,60,3,11,60
0,1,8,0,6,17,2,4,25,0,0,20,0,4,31,0,1,11,2,7,23,5,5,43,1,10,53,8,23,60,3,9,59,0,1,60
1,1,8,4,4,17,1,5,25,0,1,22,2,3,30,1,1,21,1,2,30,0,4,52,6,6,51,5,26,60,5,9,60,1,12,60
1,1,4,0,4,9,1,6,10,4,8,10,1,7,15,6,8,14,0,9,16,8,22,32,3,9,22,8,32,60,11,37,60,7,32,44
1,3,14,1,5,28,0,4,38,3,29,60,1,8,60,2,9,60,2,7,60,8,28,60,7,21,60,8,35,60,15,37,60,3,32,60
0,0,3,0,2,6,3,4,9,3,4,22,10,15,17,1,1,3,0,0,10,2,7,15,2,5,30,10,25,60,0,4,17,0,0,4
0,2,3,3,8,10,4,9,10,2,6,9,0,12,17,0,6,13,1,6,20,10,25,31,4,7,23,9,46,60,12,39,56,15,38,54
1,2,4,0,1,7,2,6,11,3,8,11,2,9,16,6,11,14,1,10,24,4,20,34,2,12,26,8,30,60,9,34,60,5,33,50
1,2,4,0,1,7,2,6,11,3,8,11,2,9,16,6,11,14,1,10,24,4,20,34,2,12,26,8,30,60,9,34,60,5,33,50
0,0,5,0,2,12,1,4,10,1,4,22,12,15,20,1,1,3,0,0,10,3,8,15,2,5,35,9,28,60,3,7,23,0,0,6
1,4,4,4,10,11,3,8,12,2,28,35,6,18,19,2,12,19,12,16,26,5,18,37,8,28,33,17,53,60,11,42,60,19,56,60
0,0,0,0,1,6,1,3,4,0,0,1,0,1,2,0,0,1,0,5,12,1,11,18,1,1,6,8,27,44,1,10,15,0,5,6
0,1,9,0,1,21,2,8,21,1,1,31,3,7,26,3,9,38,0,2,56,3,11,48,0,5,49,9,41,60,6,18,60,1,19,47
2,3,4,4,7,11,3,8,10,4,29,35,6,16,21,4,13,26,13,19,29,4,23,34,10,24,41,10,56,60,10,48,60,20,52,60
0,0,0,0,0,3,0,0,4,0,0,0,0,0,3,0,0,0,0,0,1,0,1,17,0,0,3,1,4,22,0,0,8,0,0,6
2,2,4,1,3,9,1,3,7,0,24,27,3,7,12,2,7,10,2,15,22,4,13,28,13,20,33,9,39,60,7,24,47,5,29,48
1,4,6,1,2,9,3,6,11,1,18,25,3,12,17,30,55,60,6,13,32,10,21,34,1,26,39,10,44,60,8,42,60,20,49,60
1,2,7,1,2,14,1,7,19,2,5,39,2,3,20,0,1,7,1,9,34,4,13,58,4,10,55,11,44,60,4,11,60,2,6,43
0,1,10,1,1,22,0,2,30,2,12,34,3,4,18,0,2,11,1,3,36,0,9,60,0,8,60,2,16,60,2,12,60,16,20,60
0,2,8,2,4,21,1,3,20,0,19,32,0,3,14,0,4,6,0,1,22,2,6,57,2,11,46,3,26,60,5,15,60,2,30,60
0,0,12,0,1,21,0,2,23,1,12,32,0,4,19,0,0,13,0,1,36,1,2,60,0,2,60,7,21,60,0,3,60,0,18,60
1,3,6,2,4,7,3,7,9,2,27,36,3,11,17,9,60,60,3,14,33,8,19,40,10,31,44,11,43,60,10,35,60,12,47,60
1,2,7,1,3,17,2,2,19,1,9,34,0,2,12,2,5,6,1,1,22,6,9,50,7,13,42,5,24,60,10,17,58,11,14,60
2,3,18,1,2,27,3,9,42,4,29,60,4,14,60,1,6,60,2,6,60,6,20,60,8,24,60,12,43,60,6,45,60,7,35,60
0,0,5,0,3,10,2,6,21,3,7,55,2,11,27,0,4,8,0,5,13,4,21,52,1,4,31,7,31,60,4,18,60,25,60,60
1,2,6,1,1,16,1,5,23,2,2,51,0,3,28,2,3,16,4,5,22,4,12,60,10,14,46,11,24,60,6,24,60,1,28,60
1,2,6,1,1,16,1,5,23,2,2,51,0,3,28,2,3,16,4,5,22,4,12,60,10,14,46,11,24,60,6,24,60,1,28,60
1,2,6,1,1,16,1,5,23,2,2,51,0,3,28,2,3,16,4,5,22,4,12,60,10,14,46,11,24,60,6,24,60,1,28,60
1,3,7,0,2,11,0,4,16,1,3,31,1,1,17,3,3,11,0,1,3,5,8,38,5,15,31,11,35,60,4,11,47,1,8,60
0,0,4,0,1,11,2,6,22,1,8,55,2,11,27,0,2,8,0,4,12,5,20,52,0,1,29,8,28,60,4,15,60,8,60,60
1,1,7,3,3,17,1,3,22,0,10,41,1,4,24,0,3,15,1,7,22,2,6,49,7,19,44,15,31,60,15,27,60,4,30,60
1,4,6,0,3,11,0,4,15,1,3,31,1,2,17,3,4,10,0,0,3,6,10,38,6,13,29,9,42,60,6,13,41,2,11,60
0,4,7,0,3,11,1,3,17,1,3,32,1,2,17,3,4,11,0,0,3,4,10,40,2,15,30,9,39,60,4,14,47,2,11,60
1,2,6,1,3,11,1,2,14,0,1,29,0,0,10,1,3,6,0,0,9,2,5,40,2,7,38,12,32,60,4,8,52,2,5,60
0,0,12,0,1,21,0,2,24,0,12,32,0,4,19,0,0,13,0,1,36,1,2,60,0,2,60,6,22,60,0,3,60,0,18,60
1,1,13,1,1,20,2,2,29,0,11,60,2,5,37,0,0,49,0,3,55,3,9,60,3,4,60,7,22,60,3,10,60,2,3,60
1,3,7,1,4,13,2,3,17,1,9,34,0,1,12,1,5,6,1,1,19,7,11,49,7,13,40,7,28,60,8,17,55,11,13,60
0,0,13,1,1,23,1,2,27,11,13,33,4,4,18,0,1,13,1,2,37,1,3,60,0,1,60,7,20,60,3,6,60,18,22,60
0,2,3,3,8,10,3,9,12,3,7,10,0,13,17,0,7,14,1,12,19,12,25,34,2,12,21,10,44,60,13,40,59,13,44,56
0,2,8,0,6,17,2,4,27,0,0,22,0,4,32,0,1,11,2,7,23,5,5,44,1,11,51,8,21,60,3,9,59,0,1,60
2,3,3,2,5,5,3,9,13,0,2,6,4,7,12,5,11,18,3,6,10,6,20,26,11,16,19,18,44,60,9,34,49,7,29,35
0,0,5,1,3,10,2,4,22,3,18,42,3,10,28,1,1,3,0,0,3,4,10,29,0,3,33,8,24,60,9,23,57,0,6,28
1,2,10,0,2,17,1,3,31,0,3,60,1,1,41,0,1,15,0,0,9,0,2,58,1,11,60,3,19,60,3,6,60,0,17,60
1,2,10,4,5,23,3,7,39,7,14,60,4,7,39,0,1,11,0,1,13,4,11,60,10,19,59,5,25,60,11,37,60,9,31,60
1,2,5,1,10,13,2,9,13,4,23,29,5,25,35,0,3,5,2,9,13,7,16,26,3,23,38,6,44,60,21,49,60,20,27,40
1,2,3,1,10,13,3,7,13,0,12,25,4,18,31,1,4,8,0,4,8,6,10,25,3,18,30,11,40,60,17,50,60,15,27,33
0,3,5,0,7,12,1,7,12,11,20,29,2,13,22,4,19,41,2,27,39,5,18,28,6,29,51,10,39,60,9,48,60,3,37,60
0,3,7,1,2,6,4,12,18,6,40,60,7,19,34,0,4,5,2,14,19,5,16,32,6,26,37,17,57,60,14,54,60,5,23,41
1,3,3,0,3,3,5,13,15,5,47,60,4,16,31,3,4,5,1,10,16,5,13,21,5,20,30,20,52,60,27,59,60,8,19,28
1,4,5,3,20,25,1,7,13,6,17,33,5,24,35,4,25,33,2,26,35,9,18,29,13,39,59,4,54,60,5,20,47,7,48,60
1,3,4,5,12,15,4,10,13,1,3,16,4,12,18,3,10,17,2,14,22,0,15,31,5,16,27,4,21,48,4,23,45,3,13,41
0,0,1,2,4,7,6,10,12,1,2,2,2,6,8,1,5,7,0,1,6,5,20,28,0,8,17,7,29,60,9,21,30,7,9,18
0,0,1,1,5,10,1,8,11,1,2,2,2,4,6,3,5,9,1,2,6,6,11,25,1,5,15,7,39,55,6,15,22,5,9,20
0,0,1,2,6,16,0,7,17,0,3,3,3,10,21,1,4,4,0,0,0,5,11,23,0,11,17,10,48,60,9,29,46,4,5,24
2,7,8,6,25,28,1,3,8,16,31,45,7,27,43,5,31,60,21,53,60,1,11,25,23,56,60,13,30,53,22,43,60,27,60,60
0,0,12,0,1,21,0,2,23,1,12,32,0,4,19,0,0,13,0,1,36,1,2,60,0,2,60,7,21,60,0,3,60,0,18,60
0,0,12,0,1,21,0,2,23,1,12,32,0,4,19,0,0,13,0,1,36,1,2,60,0,2,60,7,21,60,0,3,60,0,18,60
0,0,0,0,3,3,0,4,10,0,0,2,0,2,4,2,4,4,0,1,1,1,12,17,0,2,7,7,23,45,5,14,18,3,8,9
0,6,7,2,22,34,3,6,11,3,13,27,6,20,29,4,20,60,14,53,60,10,16,21,4,35,54,8,33,50,9,34,60,8,49,60
0,2,3,3,13,16,2,4,10,5,10,17,3,11,17,7,27,28,2,25,28,5,19,22,1,30,36,8,26,60,8,13,23,22,40,48
1,2,4,1,4,12,4,8,15,4,17,29,4,16,30,0,4,9,1,6,10,7,15,30,3,15,30,16,39,60,21,52,60,8,26,40
0,2,3,3,10,12,2,7,13,1,8,14,4,21,28,3,3,5,0,2,4,3,14,20,4,15,26,4,53,60,12,45,57,6,24,29
0,0,8,1,2,15,2,8,27,0,4,47,1,6,30,0,2,8,0,0,5,2,12,41,3,4,51,12,31,60,7,20,60,2,6,40
1,2,11,4,5,24,3,7,41,4,14,60,2,6,40,0,1,13,0,1,14,4,10,60,9,20,60,6,21,60,12,35,60,9,33,60
0,3,5,0,7,12,1,7,12,11,20,29,2,13,22,4,19,43,2,26,39,5,18,28,7,29,51,10,41,60,9,48,60,3,37,60
0,3,5,0,7,12,1,7,12,11,20,29,2,13,22,4,19,43,2,26,39,5,18,28,7,29,51,10,41,60,9,48,60,3,37,60
1,3,17,1,5,26,1,8,38,5,27,60,0,10,60,3,9,60,2,7,60,12,35,60,6,24,60,8,31,60,14,50,60,3,20,60
1,1,8,0,5,17,1,2,21,9,10,54,1,2,29,3,7,33,4,9,32,1,7,58,5,7,59,10,22,60,4,8,60,1,6,60
1,3,6,2,3,7,2,4,15,1,1,31,0,2,14,1,5,8,0,0,2,4,12,28,7,11,28,11,25,60,3,14,36,6,15,38
1,2,7,3,7,12,3,6,22,1,22,34,4,11,27,3,4,11,1,2,13,4,15,57,5,9,43,5,23,60,7,21,60,10,60,60
0,2,7,3,7,12,3,5,22,13,25,35,5,10,23,1,3,13,2,2,13,4,13,59,6,11,43,5,26,60,7,15,60,1,45,60
1,3,7,0,2,11,0,3,17,1,3,31,1,2,17,2,3,11,0,2,3,3,9,39,4,15,31,11,32,60,3,12,49,1,6,60
0,0,4,0,1,12,2,6,22,2,5,55,4,10,25,1,2,8,2,5,11,7,18,50,0,1,25,5,26,60,7,14,60,3,28,60
1,2,6,4,7,11,3,6,20,1,9,34,2,7,25,0,4,11,0,2,15,7,18,59,2,12,46,6,14,60,5,21,60,6,13,60
1,2,7,0,0,11,1,5,21,2,22,32,1,5,16,0,1,11,1,2,10,5,12,53,4,11,36,15,33,60,5,13,60,0,4,60
0,0,0,0,0,6,1,2,8,0,0,6,0,1,8,0,1,3,1,2,4,2,5,21,0,0,2,4,9,37,0,9,23,0,0,14
0,0,5,0,1,14,3,9,23,1,9,41,2,7,26,0,2,9,2,7,13,9,26,50,0,4,34,7,26,60,6,27,60,3,59,60
0,3,20,0,4,35,1,12,44,4,19,60,3,16,60,1,3,60,1,10,60,3,15,60,4,26,60,17,43,60,2,45,60,4,33,60
1,4,5,1,2,13,2,10,17,17,23,32,6,17,37,0,2,5,4,14,14,6,21,31,7,25,38,11,55,60,20,55,60,6,36,43
1,3,6,3,4,10,2,5,12,3,23,31,2,9,16,3,15,38,2,12,31,8,30,45,8,28,45,8,33,56,15,43,60,5,60,60
0,2,6,1,1,4,4,11,18,10,52,60,2,22,32,1,4,5,0,9,20,4,14,28,5,20,39,13,60,60,11,60,60,4,20,40
1,4,5,0,3,6,4,6,13,4,7,17,1,9,22,18,32,40,11,24,34,5,24,38,13,32,45,3,28,54,19,54,60,58,60,60
0,1,9,0,4,19,1,10,35,6,17,60,1,3,34,1,2,11,0,0,8,2,9,54,0,7,59,4,27,60,4,25,60,1,19,60
0,0,9,0,1,17,2,7,35,3,18,60,3,9,34,1,1,10,0,0,8,1,3,60,2,6,50,1,27,60,3,16,60,0,2,60
0,0,9,0,1,16,3,6,32,1,4,49,3,6,35,1,1,10,0,0,7,0,9,60,3,5,52,14,27,60,3,16,60,0,5,60
1,2,10,0,6,23,2,10,38,0,5,60,0,5,45,1,2,14,1,1,15,5,15,60,3,12,55,11,35,60,15,33,60,3,13,60
0,0,6,1,2,14,3,5,23,3,13,45,3,7,29,0,1,4,0,0,4,4,12,33,2,3,40,7,32,60,8,27,60,2,6,30
0,0,5,1,2,9,0,4,20,3,19,37,1,10,28,1,1,3,0,0,4,6,11,26,0,3,34,8,27,60,5,20,54,1,6,27
0,0,1,2,2,3,1,3,6,0,0,3,0,5,7,0,1,4,1,4,9,0,5,15,2,4,7,7,22,38,1,12,18,0,4,7
0,0,0,2,3,8,4,6,12,0,1,2,1,4,7,0,1,5,0,0,1,4,13,24,2,2,5,9,33,41,4,18,30,1,6,12
0,1,1,1,4,8,2,5,6,1,1,2,1,3,4,1,7,10,0,3,7,1,10,21,1,3,13,18,38,54,1,9,18,1,13,23
0,4,5,0,1,7,1,4,7,20,28,31,1,10,15,1,16,38,1,11,27,4,28,41,6,40,51,12,49,60,9,33,59,7,31,60
1,5,7,2,9,20,0,10,16,5,21,28,2,14,28,37,60,60,9,28,44,4,20,35,3,20,49,11,42,60,9,46,60,19,51,60
0,2,6,1,5,5,1,7,10,5,41,48,3,10,15,8,23,60,2,21,40,4,16,32,6,34,49,17,56,60,15,44,60,9,31,60
1,1,2,0,4,6,1,3,7,1,13,15,1,2,7,0,7,13,0,6,9,1,6,13,4,11,15,8,35,59,2,16,35,0,8,22
2,5,6,4,15,22,1,12,14,6,22,28,4,19,25,9,57,60,2,32,56,1,19,38,4,20,35,9,38,60,10,46,60,15,54,60
1,2,3,4,11,17,1,5,10,6,10,14,2,10,21,6,25,29,5,23,28,10,21,29,7,28,35,12,39,60,9,14,25,30,38,42
0,1,2,1,7,19,5,14,16,1,2,7,2,10,18,1,7,13,0,6,6,7,23,37,4,17,24,1,56,60,9,30,44,1,23,33
0,0,0,0,3,5,1,8,10,0,2,2,1,3,5,3,4,5,0,1,1,4,12,20,0,2,7,10,23,52,6,15,20,5,9,10
0,1,1,1,7,10,4,11,13,1,2,3,2,6,8,3,8,11,1,4,6,6,20,28,1,12,17,10,39,59,5,19,28,4,18,23
0,3,5,1,4,10,1,5,11,2,23,30,2,10,15,3,18,32,3,18,33,11,29,45,7,29,41,8,36,57,12,39,60,5,60,60
1,4,6,1,6,7,2,9,16,4,10,28,2,16,26,0,10,18,1,16,36,2,14,37,5,29,47,7,42,60,3,36,60,3,55,60
1,3,6,3,5,12,3,4,9,10,17,35,7,14,26,1,2,20,0,20,31,2,20,32,6,25,43,11,40,60,10,42,60,5,22,60
1,5,5,1,6,10,0,7,16,2,20,26,2,11,24,5,21,35,8,25,41,5,18,32,8,33,50,8,34,60,12,40,60,25,60,60
1,3,16,0,1,23,2,10,42,14,55,60,6,19,60,0,4,60,2,5,60,6,22,60,4,19,60,10,34,60,18,40,60,7,17,60
0,2,5,0,2,10,2,4,22,3,14,44,2,7,28,0,1,4,0,0,1,3,11,29,0,9,34,4,27,60,6,26,60,0,4,28
1,2,9,2,4,18,3,8,32,6,12,60,2,3,40,1,2,11,0,0,7,3,8,47,5,7,60,4,26,60,4,20,60,15,18,60
0,2,8,0,3,15,0,8,26,0,8,47,0,6,30,0,0,6,0,0,5,1,5,41,0,12,50,3,32,60,4,14,60,1,17,42
0,2,11,1,5,22,0,8,35,9,15,52,3,9,36,1,2,11,0,0,10,1,8,60,4,19,55,4,18,60,3,20,60,0,11,60
0,2,10,1,8,23,2,11,37,3,8,60,0,3,47,2,3,13,0,1,12,3,15,60,0,8,60,17,34,60,12,29,60,1,7,60
0,2,3,1,5,12,0,7,9,2,3,5,2,11,11,4,8,15,0,1,17,6,14,22,0,7,16,8,39,58,9,25,35,4,14,32
1,2,5,1,6,12,1,7,11,2,3,6,2,11,12,6,10,19,0,1,21,7,16,24,2,7,21,8,42,60,12,27,38,5,16,33
1,2,2,1,3,4,1,2,4,0,19,22,0,3,11,1,3,7,2,9,15,4,18,24,7,20,30,3,22,47,5,17,25,2,16,35
1,3,7,2,4,18,0,4,21,0,0,18,0,2,28,0,1,7,0,0,20,1,7,52,7,18,50,10,26,60,2,9,53,1,6,54
1,2,12,0,1,19,2,2,24,0,11,60,1,3,35,0,1,24,1,9,53,3,10,60,2,11,60,11,25,60,4,11,60,2,6,60
1,1,9,0,2,18,0,2,26,0,10,34,0,5,19,1,2,10,0,5,35,2,12,60,4,9,55,4,21,60,3,19,60,1,33,60
1,1,9,0,2,18,0,2,26,0,10,34,0,5,19,1,2,10,0,5,35,2,12,60,4,9,55,4,21,60,3,19,60,1,33,60
1,1,9,0,2,18,0,2,26,0,10,34,0,5,19,1,2,10,0,5,35,2,12,60,4,9,55,4,21,60,3,19,60,1,33,60
1,1,9,0,2,18,0,2,26,0,10,34,0,5,19,1,2,10,0,5,35,2,12,60,4,9,55,4,21,60,3,19,60,1,33,60
0,0,9,0,2,18,2,3,29,0,2,35,0,0,22,0,0,24,0,7,36,0,6,60,1,3,60,3,24,60,1,6,60,3,6,60
1,1,7,0,2,14,0,3,24,8,10,34,1,2,13,1,4,7,0,2,29,3,14,52,4,12,45,9,22,60,6,25,60,1,16,60
1,2,6,2,4,18,1,3,19,1,1,32,0,0,10,2,4,6,0,1,13,2,9,51,4,11,42,8,30,60,7,16,58,3,13,60
0,1,3,0,2,3,1,2,4,0,1,21,0,4,6,0,1,4,3,7,8,11,16,23,2,15,30,3,19,42,2,13,26,1,9,20
1,5,7,0,11,17,1,10,15,14,21,25,1,10,21,12,45,60,4,14,35,6,17,29,7,18,30,12,39,60,17,46,60,19,48,60
1,2,9,0,1,15,2,2,24,8,11,60,3,3,26,0,1,15,1,7,39,8,11,60,3,10,60,8,27,60,10,10,60,1,5,54
1,3,5,0,3,7,3,4,9,9,19,23,3,8,16,7,37,52,1,8,14,7,17,32,3,17,32,15,44,60,16,31,49,17,38,57
0,1,2,1,2,5,0,3,9,0,0,2,0,2,5,0,3,9,5,15,21,2,11,27,0,11,16,11,33,60,2,11,22,1,5,24
0,1,2,1,2,5,1,3,7,0,0,3,0,2,5,0,3,8,3,15,21,2,11,20,0,11,15,10,31,59,2,10,20,1,5,25
0,1,6,0,1,10,0,1,14,0,9,34,1,2,12,1,2,6,0,1,13,2,7,37,0,7,39,3,18,60,3,9,53,0,11,60
0,0,6,1,1,18,1,2,18,0,0,18,1,1,28,1,2,18,0,3,30,3,5,53,1,3,49,6,19,60,4,5,60,1,4,57
1,1,8,0,5,21,2,2,23,1,10,45,0,2,28,4,7,43,1,9,34,3,7,60,3,7,58,10,21,60,5,10,60,1,6,60
2,3,7,0,0,11,1,2,18,1,6,32,1,2,17,1,3,11,0,2,4,3,10,42,6,11,32,16,31,60,2,13,51,0,3,60
0,1,2,0,2,2,2,5,7,0,0,0,0,3,5,2,4,6,1,2,2,6,15,23,2,5,7,6,25,43,3,9,12,2,10,16
0,1,8,2,3,19,1,2,24,0,2,32,1,2,28,2,7,31,1,11,29,3,9,54,0,7,60,7,30,60,3,12,60,0,7,60
0,0,4,0,1,12,2,6,22,2,5,55,2,10,25,1,2,8,2,5,12,7,18,50,0,1,26,5,26,60,7,15,60,4,28,60
1,2,6,1,1,16,1,5,23,2,2,51,0,3,28,2,3,16,4,5,22,4,12,60,10,14,46,11,24,60,6,24,60,1,28,60
1,2,6,1,1,16,1,5,23,2,2,51,0,3,28,2,3,16,4,5,22,4,12,60,10,14,46,11,24,60,6,24,60,1,28,60
0,0,4,0,1,12,2,6,22,2,5,55,4,10,25,1,2,8,2,5,11,7,18,50,0,1,25,5,26,60,7,14,60,3,28,60
1,2,7,0,0,11,1,5,17,0,14,32,1,5,14,0,0,11,1,2,10,4,10,49,4,9,40,14,28,60,4,9,59,1,4,60
1,3,7,0,2,11,1,2,18,0,6,32,1,2,17,1,3,11,0,2,4,3,9,41,6,13,31,13,31,60,1,13,51,0,3,60
1,4,5,0,3,9,2,8,9,1,12,18,2,12,17,4,32,45,0,32,57,7,21,39,7,33,48,7,30,57,13,39,60,29,60,60
0,5,8,3,17,22,1,4,7,1,11,37,1,16,29,46,60,60,3,35,60,3,12,26,5,35,57,11,40,60,8,47,60,10,45,60
1,3,6,0,4,15,3,6,10,14,19,24,3,9,14,7,37,50,2,9,14,6,16,27,4,15,29,8,46,60,11,38,53,18,40,58
1,2,7,1,4,13,2,2,18,6,9,34,0,1,12,2,5,6,1,1,21,5,9,50,7,13,40,5,25,60,8,17,57,11,13,60
0,0,12,0,1,21,0,2,23,1,12,33,0,4,18,0,0,13,0,1,36,1,2,60,0,2,60,7,22,60,0,3,60,0,18,60
1,2,6,2,5,16,3,6,7,2,16,45,0,5,24,11,60,60,1,20,41,4,19,31,13,30,48,14,48,60,12,44,60,13,33,60
0,0,12,1,1,25,1,1,30,3,13,34,3,4,22,0,0,16,1,2,38,2,3,60,0,1,60,6,20,60,3,4,60,15,23,60
1,5,7,2,11,23,0,8,13,3,11,29,2,14,27,38,60,60,11,30,42,5,19,35,2,17,52,13,42,60,12,45,60,16,56,60
0,0,12,0,1,21,0,2,23,1,12,33,0,4,18,0,0,13,0,1,36,1,2,60,0,2,60,7,22,60,0,3,60,0,18,60
1,2,7,1,2,12,2,6,17,2,8,39,2,3,18,0,0,8,0,4,32,2,11,50,2,8,55,10,39,60,3,11,60,2,5,54
1,2,9,2,3,18,4,5,20,0,2,25,1,3,17,0,0,10,1,1,20,8,14,53,5,11,59,9,29,60,6,9,60,2,18,60
1,4,5,0,3,7,3,3,8,4,20,22,3,8,16,7,37,53,1,8,16,6,16,31,3,15,30,16,42,60,13,31,50,19,37,53
0,1,2,0,9,10,2,3,6,3,18,22,2,5,9,2,3,15,0,1,21,4,7,13,0,4,12,9,26,47,5,11,17,1,24,25
0,0,2,1,5,5,0,4,7,1,3,3,2,5,8,0,7,8,0,0,0,0,6,11,0,0,4,5,28,42,0,13,26,0,6,12
1,1,2,3,4,8,2,6,12,2,7,9,1,7,17,2,9,10,2,4,12,14,25,30,4,8,13,5,37,60,9,39,57,6,32,39
0,1,2,0,10,10,2,3,6,3,18,22,2,5,9,2,6,15,0,11,21,3,8,14,0,4,13,10,26,50,5,12,18,1,24,26
